110	11/03/2012 00:00	0000000272	0000000000	0000000040	0000000000	0000000000	0000000004	00000000	
111	11/03/2012 00:15	0000000304	0000000000	0000000044	0000000000	0000000000	0000000008	00000000	
112	11/03/2012 00:30	0000000232	0000000000	0000000036	0000000000	0000000000	0000000000	00000000	
113	11/03/2012 00:45	0000000228	0000000000	0000000012	0000000000	0000000000	0000000004	00000000	
114	11/03/2012 01:00	0000000236	0000000000	0000000012	0000000000	0000000000	0000000008	00000000	
115	11/03/2012 01:15	0000000248	0000000000	0000000028	0000000000	0000000000	0000000000	00000000	
116	11/03/2012 01:30	0000000200	0000000000	0000000028	0000000000	0000000000	0000000004	00000000	
117	11/03/2012 01:45	0000000212	0000000000	0000000008	0000000000	0000000000	0000000016	00000000	
118	11/03/2012 02:00	0000000208	0000000000	0000000008	0000000000	0000000000	0000000016	00000000	
119	11/03/2012 02:15	0000000196	0000000000	0000000016	0000000000	0000000000	0000000004	00000000	
1110	11/03/2012 02:30	0000000232	0000000000	0000000016	0000000000	0000000000	0000000004	00000000	
1111	11/03/2012 02:45	0000000188	0000000000	0000000004	0000000000	0000000000	0000000024	00000000	
1112	11/03/2012 03:00	0000000180	0000000000	0000000012	0000000000	0000000000	0000000016	00000000	
1113	11/03/2012 03:15	0000000208	0000000000	0000000016	0000000000	0000000000	0000000004	00000000	
1114	11/03/2012 03:30	0000000172	0000000000	0000000012	0000000000	0000000000	0000000008	00000000	
1115	11/03/2012 03:45	0000000184	0000000000	0000000028	0000000000	0000000000	0000000012	00000000	
1116	11/03/2012 04:00	0000000176	0000000000	0000000008	0000000000	0000000000	0000000000	00000000	
1117	11/03/2012 04:15	0000000192	0000000000	0000000024	0000000000	0000000000	0000000004	00000100	
1118	11/03/2012 04:30	0000000164	0000000000	0000000004	0000000000	0000000000	0000000032	00000000	
1119	11/03/2012 04:45	0000000184	0000000000	0000000012	0000000000	0000000000	0000000020	00000000	
1120	11/03/2012 05:00	0000000172	0000000000	0000000012	0000000000	0000000000	0000000008	00000000	
1121	11/03/2012 05:15	0000000192	0000000000	0000000028	0000000000	0000000000	0000000008	00000000	
1122	11/03/2012 05:30	0000000180	0000000000	0000000012	0000000000	0000000000	0000000012	00000000	
1123	11/03/2012 05:45	0000000208	0000000000	0000000012	0000000000	0000000000	0000000012	00000000	
1124	11/03/2012 06:00	0000000176	0000000000	0000000012	0000000000	0000000000	0000000000	00000000	
1125	11/03/2012 06:15	0000000204	0000000000	0000000012	0000000000	0000000000	0000000008	00000000	
1126	11/03/2012 06:30	0000000196	0000000000	0000000024	0000000000	0000000000	0000000004	00000000	
1127	11/03/2012 06:45	0000000272	0000000000	0000000040	0000000000	0000000000	0000000008	00000000	
1128	11/03/2012 07:00	0000000200	0000000000	0000000012	0000000000	0000000000	0000000016	00000000	
1129	11/03/2012 07:15	0000000224	0000000000	0000000016	0000000000	0000000000	0000000008	00000000	
1130	11/03/2012 07:30	0000000236	0000000000	0000000036	0000000000	0000000000	0000000004	00000000	
1131	11/03/2012 07:45	0000000212	0000000000	0000000012	0000000000	0000000000	0000000004	00000000	
1132	11/03/2012 08:00	0000000176	0000000000	0000000000	0000000000	0000000000	0000000012	00000000	
1133	11/03/2012 08:15	0000000184	0000000000	0000000004	0000000000	0000000000	0000000008	00000000	
1134	11/03/2012 08:30	0000000352	0000000000	0000000080	0000000000	0000000000	0000000000	00000000	
1135	11/03/2012 08:45	0000000244	0000000000	0000000020	0000000000	0000000000	0000000012	00000000	
1136	11/03/2012 09:00	0000000300	0000000000	0000000056	0000000000	0000000000	0000000008	00000000	
1137	11/03/2012 09:15	0000000256	0000000000	0000000024	0000000000	0000000000	0000000020	00000000	
1138	11/03/2012 09:30	0000000216	0000000000	0000000008	0000000000	0000000000	0000000012	00000000	
1139	11/03/2012 09:45	0000000256	0000000000	0000000012	0000000000	0000000000	0000000012	00000000	
1140	11/03/2012 10:00	0000000256	0000000000	0000000012	0000000000	0000000000	0000000008	00000000	
1141	11/03/2012 10:15	0000000332	0000000000	0000000024	0000000000	0000000000	0000000012	00000000	
1142	11/03/2012 10:30	0000000312	0000000000	0000000020	0000000000	0000000000	0000000004	00000000	
1143	11/03/2012 10:45	0000000304	0000000000	0000000024	0000000000	0000000000	0000000008	00000000	
1144	11/03/2012 11:00	0000000292	0000000000	0000000020	0000000000	0000000000	0000000008	00000000	
1145	11/03/2012 11:15	0000000288	0000000000	0000000020	0000000000	0000000000	0000000004	00000000	
1146	11/03/2012 11:30	0000000260	0000000000	0000000012	0000000000	0000000000	0000000016	00000000	
1147	11/03/2012 11:45	0000000268	0000000000	0000000016	0000000000	0000000000	0000000012	00000000	
1148	11/03/2012 12:00	0000000288	0000000000	0000000008	0000000000	0000000000	0000000008	00000000	
1149	11/03/2012 12:15	0000000304	0000000000	0000000024	0000000000	0000000000	0000000004	00000000	
1150	11/03/2012 12:30	0000000276	0000000000	0000000008	0000000000	0000000000	0000000012	00000000	
1151	11/03/2012 12:45	0000000268	0000000000	0000000008	0000000000	0000000000	0000000028	00000000	
1152	11/03/2012 13:00	0000000248	0000000000	0000000004	0000000000	0000000000	0000000028	00000000	
1153	11/03/2012 13:15	0000000272	0000000000	0000000012	0000000000	0000000000	0000000024	00000000	
1154	11/03/2012 13:30	0000000272	0000000000	0000000008	0000000000	0000000000	0000000012	00000000	
1155	11/03/2012 13:45	0000000248	0000000000	0000000012	0000000000	0000000000	0000000016	00000000	
1156	11/03/2012 14:00	0000000212	0000000000	0000000004	0000000000	0000000000	0000000024	00000000	
1157	11/03/2012 14:15	0000000212	0000000000	0000000008	0000000000	0000000000	0000000028	00000000	
1158	11/03/2012 14:30	0000000200	0000000000	0000000004	0000000000	0000000000	0000000032	00000000	
1159	11/03/2012 14:45	0000000224	0000000000	0000000004	0000000000	0000000000	0000000028	00000000	
1160	11/03/2012 15:00	0000000248	0000000000	0000000000	0000000000	0000000000	0000000004	00000000	
1161	11/03/2012 15:15	0000000232	0000000000	0000000008	0000000000	0000000000	0000000008	00000000	
1162	11/03/2012 15:30	0000000220	0000000000	0000000016	0000000000	0000000000	0000000008	00000000	
1163	11/03/2012 15:45	0000000208	0000000000	0000000008	0000000000	0000000000	0000000008	00000000	
1164	11/03/2012 16:00	0000000208	0000000000	0000000012	0000000000	0000000000	0000000008	00000000	
1165	11/03/2012 16:15	0000000236	0000000000	0000000008	0000000000	0000000000	0000000016	00000000	
1166	11/03/2012 16:30	0000000236	0000000000	0000000004	0000000000	0000000000	0000000004	00000000	
1167	11/03/2012 16:45	0000000208	0000000000	0000000004	0000000000	0000000000	0000000012	00000000	
1168	11/03/2012 17:00	0000000180	0000000000	0000000008	0000000000	0000000000	0000000008	00000000	
1169	11/03/2012 17:15	0000000176	0000000000	0000000008	0000000000	0000000000	0000000016	00000000	
1170	11/03/2012 17:30	0000000180	0000000000	0000000008	0000000000	0000000000	0000000012	00000000	
1171	11/03/2012 17:45	0000000216	0000000000	0000000008	0000000000	0000000000	0000000016	00000000	
1172	11/03/2012 18:00	0000000204	0000000000	0000000004	0000000000	0000000000	0000000012	00000000	
1173	11/03/2012 18:15	0000000188	0000000000	0000000004	0000000000	0000000000	0000000024	00000000	
1174	11/03/2012 18:30	0000000200	0000000000	0000000012	0000000000	0000000000	0000000016	00000000	
1175	11/03/2012 18:45	0000000204	0000000000	0000000012	0000000000	0000000000	0000000020	00000000	
1176	11/03/2012 19:00	0000000240	0000000000	0000000008	0000000000	0000000000	0000000004	00000000	
1177	11/03/2012 19:15	0000000256	0000000000	0000000008	0000000000	0000000000	0000000024	00000000	
1178	11/03/2012 19:30	0000000220	0000000000	0000000012	0000000000	0000000000	0000000008	00000000	
1179	11/03/2012 19:45	0000000208	0000000000	0000000028	0000000000	0000000000	0000000000	00000000	
1180	11/03/2012 20:00	0000000212	0000000000	0000000008	0000000000	0000000000	0000000008	00000000	
1181	11/03/2012 20:15	0000000216	0000000000	0000000012	0000000000	0000000000	0000000008	00000000	
1182	11/03/2012 20:30	0000000252	0000000000	0000000016	0000000000	0000000000	0000000012	00000000	
1183	11/03/2012 20:45	0000000256	0000000000	0000000016	0000000000	0000000000	0000000016	00000000	
1184	11/03/2012 21:00	0000000196	0000000000	0000000008	0000000000	0000000000	0000000020	00000000	
1185	11/03/2012 21:15	0000000200	0000000000	0000000012	0000000000	0000000000	0000000020	00000000	
1186	11/03/2012 21:30	0000000196	0000000000	0000000016	0000000000	0000000000	0000000020	00000000	
1183	11/03/2012 20:45	0000000256	0000000000	0000000016	0000000000	0000000000	0000000016	00000000	
1184	11/03/2012 21:00	0000000196	0000000000	0000000008	0000000000	0000000000	0000000020	00000000	
1185	11/03/2012 21:15	0000000200	0000000000	0000000012	0000000000	0000000000	0000000020	00000000	
1186	11/03/2012 21:30	0000000196	0000000000	0000000016	0000000000	0000000000	0000000020	00000000	
1187	11/03/2012 21:45	0000000212	0000000000	0000000020	0000000000	0000000000	0000000012	00000000	
1188	11/03/2012 22:00	0000000216	0000000000	0000000020	0000000000	0000000000	0000000012	00000000	
1189	11/03/2012 22:15	0000000224	0000000000	0000000020	0000000000	0000000000	0000000012	00000000	
1190	11/03/2012 22:30	0000000220	0000000000	0000000028	0000000000	0000000000	0000000000	00000000	
1191	11/03/2012 22:45	0000000220	0000000000	0000000012	0000000000	0000000000	0000000012	00000000	
1192	11/03/2012 23:00	0000000196	0000000000	0000000024	0000000000	0000000000	0000000012	00000000	
1193	11/03/2012 23:15	0000000212	0000000000	0000000008	0000000000	0000000000	0000000000	00000000	
1194	11/03/2012 23:30	0000000208	0000000000	0000000020	0000000000	0000000000	0000000004	00000000	
1195	11/03/2012 23:45	0000000208	0000000000	0000000044	0000000000	0000000000	0000000008	00000000	
