280	28/06/2012 00:00	0000000228	0000000000	0000000028	0000000000	0000000000	0000000000	00000000	
281	28/06/2012 00:15	0000000200	0000000000	0000000012	0000000000	0000000000	0000000000	00000000	
282	28/06/2012 00:30	0000000220	0000000000	0000000012	0000000000	0000000000	0000000000	00000000	
283	28/06/2012 00:45	0000000168	0000000000	0000000000	0000000000	0000000000	0000000016	00000000	
284	28/06/2012 01:00	0000000148	0000000000	0000000000	0000000000	0000000000	0000000028	00000000	
285	28/06/2012 01:15	0000000196	0000000000	0000000016	0000000000	0000000000	0000000016	00000000	
286	28/06/2012 01:30	0000000152	0000000000	0000000004	0000000000	0000000000	0000000028	00000000	
287	28/06/2012 01:45	0000000148	0000000000	0000000000	0000000000	0000000000	0000000024	00000000	
288	28/06/2012 02:00	0000000160	0000000000	0000000000	0000000000	0000000000	0000000028	00000000	
289	28/06/2012 02:15	0000000192	0000000000	0000000024	0000000000	0000000000	0000000016	00000000	
2810	28/06/2012 02:30	0000000136	0000000000	0000000000	0000000000	0000000000	0000000036	00000000	
2811	28/06/2012 02:45	0000000140	0000000000	0000000000	0000000000	0000000000	0000000040	00000000	
2812	28/06/2012 03:00	0000000188	0000000000	0000000016	0000000000	0000000000	0000000020	00000000	
2813	28/06/2012 03:15	0000000148	0000000000	0000000000	0000000000	0000000000	0000000036	00000000	
2814	28/06/2012 03:30	0000000140	0000000000	0000000000	0000000000	0000000000	0000000036	00000100	
2815	28/06/2012 03:45	0000000128	0000000000	0000000000	0000000000	0000000000	0000000044	00000000	
2816	28/06/2012 04:00	0000000192	0000000000	0000000016	0000000000	0000000000	0000000016	00000000	
2817	28/06/2012 04:15	0000000136	0000000000	0000000000	0000000000	0000000000	0000000036	00000000	
2818	28/06/2012 04:30	0000000136	0000000000	0000000000	0000000000	0000000000	0000000040	00000000	
2819	28/06/2012 04:45	0000000148	0000000000	0000000004	0000000000	0000000000	0000000032	00000000	
2820	28/06/2012 05:00	0000000184	0000000000	0000000012	0000000000	0000000000	0000000020	00000000	
2821	28/06/2012 05:15	0000000136	0000000000	0000000000	0000000000	0000000000	0000000036	00000000	
2822	28/06/2012 05:30	0000000140	0000000000	0000000000	0000000000	0000000000	0000000032	00000000	
2823	28/06/2012 05:45	0000000180	0000000000	0000000020	0000000000	0000000000	0000000020	00000000	
2824	28/06/2012 06:00	0000000168	0000000000	0000000004	0000000000	0000000000	0000000016	00000000	
2825	28/06/2012 06:15	0000000160	0000000000	0000000000	0000000000	0000000000	0000000016	00000000	
2826	28/06/2012 06:30	0000000196	0000000000	0000000016	0000000000	0000000000	0000000000	00000000	
2827	28/06/2012 06:45	0000000224	0000000000	0000000040	0000000000	0000000000	0000000000	00000000	
2828	28/06/2012 07:00	0000000192	0000000000	0000000024	0000000000	0000000000	0000000000	00000000	
2829	28/06/2012 07:15	0000000192	0000000000	0000000024	0000000000	0000000000	0000000000	00000000	
2830	28/06/2012 07:30	0000000184	0000000000	0000000028	0000000000	0000000000	0000000000	00000000	
2831	28/06/2012 07:45	0000000272	0000000000	0000000064	0000000000	0000000000	0000000000	00000000	
2832	28/06/2012 08:00	0000000212	0000000000	0000000024	0000000000	0000000000	0000000000	00000000	
2833	28/06/2012 08:15	0000000228	0000000000	0000000040	0000000000	0000000000	0000000000	00000000	
2834	28/06/2012 08:30	0000000236	0000000000	0000000056	0000000000	0000000000	0000000000	00000000	
2835	28/06/2012 08:45	0000000292	0000000000	0000000084	0000000000	0000000000	0000000000	00000000	
2836	28/06/2012 09:00	0000000256	0000000000	0000000060	0000000000	0000000000	0000000000	00000000	
2837	28/06/2012 09:15	0000000252	0000000000	0000000068	0000000000	0000000000	0000000000	00000000	
2838	28/06/2012 09:30	0000000292	0000000000	0000000088	0000000000	0000000000	0000000000	00000000	
2839	28/06/2012 09:45	0000000284	0000000000	0000000076	0000000000	0000000000	0000000000	00000000	
2840	28/06/2012 10:00	0000000296	0000000000	0000000068	0000000000	0000000000	0000000000	00000000	
2841	28/06/2012 10:15	0000000372	0000000000	0000000112	0000000000	0000000000	0000000000	00000000	
2842	28/06/2012 10:30	0000000400	0000000000	0000000128	0000000000	0000000000	0000000000	00000000	
2843	28/06/2012 10:45	0000000340	0000000000	0000000096	0000000000	0000000000	0000000000	00000000	
2844	28/06/2012 11:00	0000000444	0000000000	0000000160	0000000000	0000000000	0000000000	00000000	
2845	28/06/2012 11:15	0000000340	0000000000	0000000088	0000000000	0000000000	0000000000	00000000	
2846	28/06/2012 11:30	0000000388	0000000000	0000000124	0000000000	0000000000	0000000000	00000000	
2847	28/06/2012 11:45	0000000432	0000000000	0000000140	0000000000	0000000000	0000000000	00000000	
2848	28/06/2012 12:00	0000000372	0000000000	0000000116	0000000000	0000000000	0000000000	00000000	
2849	28/06/2012 12:15	0000000484	0000000000	0000000176	0000000000	0000000000	0000000000	00000000	
2850	28/06/2012 12:30	0000000420	0000000000	0000000144	0000000000	0000000000	0000000000	00000000	
2851	28/06/2012 12:45	0000000396	0000000000	0000000128	0000000000	0000000000	0000000000	00000000	
2852	28/06/2012 13:00	0000000404	0000000000	0000000132	0000000000	0000000000	0000000000	00000000	
2853	28/06/2012 13:15	0000000408	0000000000	0000000132	0000000000	0000000000	0000000000	00000000	
2854	28/06/2012 13:30	0000000408	0000000000	0000000128	0000000000	0000000000	0000000000	00000000	
2855	28/06/2012 13:45	0000000404	0000000000	0000000132	0000000000	0000000000	0000000000	00000000	
2856	28/06/2012 14:00	0000000408	0000000000	0000000128	0000000000	0000000000	0000000000	00000000	
2857	28/06/2012 14:15	0000000424	0000000000	0000000148	0000000000	0000000000	0000000000	00000000	
2858	28/06/2012 14:30	0000000440	0000000000	0000000144	0000000000	0000000000	0000000000	00000000	
2859	28/06/2012 14:45	0000000412	0000000000	0000000132	0000000000	0000000000	0000000000	00000000	
2860	28/06/2012 15:00	0000000372	0000000000	0000000128	0000000000	0000000000	0000000000	00000000	
2861	28/06/2012 15:15	0000000384	0000000000	0000000128	0000000000	0000000000	0000000000	00000000	
2862	28/06/2012 15:30	0000000392	0000000000	0000000136	0000000000	0000000000	0000000000	00000000	
2863	28/06/2012 15:45	0000000436	0000000000	0000000156	0000000000	0000000000	0000000000	00000000	
2864	28/06/2012 16:00	0000000348	0000000000	0000000112	0000000000	0000000000	0000000000	00000000	
2865	28/06/2012 16:15	0000000372	0000000000	0000000128	0000000000	0000000000	0000000000	00000000	
2866	28/06/2012 16:30	0000000376	0000000000	0000000116	0000000000	0000000000	0000000000	00000000	
2867	28/06/2012 16:45	0000000400	0000000000	0000000120	0000000000	0000000000	0000000000	00000000	
2868	28/06/2012 17:00	0000000448	0000000000	0000000148	0000000000	0000000000	0000000000	00000000	
2869	28/06/2012 17:15	0000000440	0000000000	0000000144	0000000000	0000000000	0000000000	00000000	
2870	28/06/2012 17:30	0000000360	0000000000	0000000100	0000000000	0000000000	0000000000	00000000	
2871	28/06/2012 17:45	0000000384	0000000000	0000000120	0000000000	0000000000	0000000000	00000000	
2872	28/06/2012 18:00	0000000380	0000000000	0000000116	0000000000	0000000000	0000000000	00000000	
2873	28/06/2012 18:15	0000000444	0000000000	0000000152	0000000000	0000000000	0000000000	00000000	
2874	28/06/2012 18:30	0000000456	0000000000	0000000168	0000000000	0000000000	0000000000	00000000	
2875	28/06/2012 18:45	0000000372	0000000000	0000000120	0000000000	0000000000	0000000000	00000000	
2876	28/06/2012 19:00	0000000416	0000000000	0000000144	0000000000	0000000000	0000000000	00000000	
2877	28/06/2012 19:15	0000000448	0000000000	0000000156	0000000000	0000000000	0000000000	00000000	
2878	28/06/2012 19:30	0000000360	0000000000	0000000104	0000000000	0000000000	0000000000	00000000	
2879	28/06/2012 19:45	0000000428	0000000000	0000000148	0000000000	0000000000	0000000000	00000000	
2880	28/06/2012 20:00	0000000456	0000000000	0000000164	0000000000	0000000000	0000000000	00000000	
2881	28/06/2012 20:15	0000000384	0000000000	0000000116	0000000000	0000000000	0000000000	00000000	
2882	28/06/2012 20:30	0000000376	0000000000	0000000112	0000000000	0000000000	0000000000	00000000	
2883	28/06/2012 20:45	0000000400	0000000000	0000000128	0000000000	0000000000	0000000000	00000000	
2884	28/06/2012 21:00	0000000312	0000000000	0000000076	0000000000	0000000000	0000000000	00000000	
2885	28/06/2012 21:15	0000000360	0000000000	0000000108	0000000000	0000000000	0000000000	00000000	
2886	28/06/2012 21:30	0000000352	0000000000	0000000104	0000000000	0000000000	0000000000	00000000	
2887	28/06/2012 21:45	0000000288	0000000000	0000000072	0000000000	0000000000	0000000000	00000000	
2888	28/06/2012 22:00	0000000340	0000000000	0000000096	0000000000	0000000000	0000000000	00000000	
2889	28/06/2012 22:15	0000000348	0000000000	0000000124	0000000000	0000000000	0000000000	00000000	
2890	28/06/2012 22:30	0000000324	0000000000	0000000092	0000000000	0000000000	0000000000	00000000	
2891	28/06/2012 22:45	0000000392	0000000000	0000000144	0000000000	0000000000	0000000000	00000000	
2892	28/06/2012 23:00	0000000296	0000000000	0000000092	0000000000	0000000000	0000000000	00000000	
2893	28/06/2012 23:15	0000000304	0000000000	0000000092	0000000000	0000000000	0000000000	00000000	
2894	28/06/2012 23:30	0000000348	0000000000	0000000116	0000000000	0000000000	0000000000	00000000	
2895	28/06/2012 23:45	0000000268	0000000000	0000000068	0000000000	0000000000	0000000000	00000000	
