010	01/02/2011 00:00	0000000000	0000000000	0000000000	0000000000	0000000000	0000000000	00100000	
011	01/02/2011 00:15	0000000000	0000000000	0000000000	0000000000	0000000000	0000000000	00100000	
012	01/02/2011 00:30	0000000000	0000000000	0000000000	0000000000	0000000000	0000000000	00100000	
013	01/02/2011 00:45	0000000000	0000000000	0000000000	0000000000	0000000000	0000000000	00100000	
014	01/02/2011 01:00	0000000000	0000000000	0000000000	0000000000	0000000000	0000000000	00100000	
015	01/02/2011 01:15	0000000000	0000000000	0000000000	0000000000	0000000000	0000000000	00100000	
016	01/02/2011 01:30	0000000000	0000000000	0000000000	0000000000	0000000000	0000000000	00100000	
017	01/02/2011 01:45	0000000000	0000000000	0000000000	0000000000	0000000000	0000000000	00100000	
018	01/02/2011 02:00	0000000000	0000000000	0000000000	0000000000	0000000000	0000000000	00100000	
019	01/02/2011 02:15	0000000000	0000000000	0000000000	0000000000	0000000000	0000000000	00100000	
0110	01/02/2011 02:30	0000000000	0000000000	0000000000	0000000000	0000000000	0000000000	00100000	
0111	01/02/2011 02:45	0000000000	0000000000	0000000000	0000000000	0000000000	0000000000	00100000	
0112	01/02/2011 03:00	0000000000	0000000000	0000000000	0000000000	0000000000	0000000000	00100000	
0113	01/02/2011 03:15	0000000000	0000000000	0000000000	0000000000	0000000000	0000000000	00100000	
0114	01/02/2011 03:30	0000000000	0000000000	0000000000	0000000000	0000000000	0000000000	00100000	
0115	01/02/2011 03:45	0000000000	0000000000	0000000000	0000000000	0000000000	0000000000	00100000	
0116	01/02/2011 04:00	0000000000	0000000000	0000000000	0000000000	0000000000	0000000000	00100000	
0117	01/02/2011 04:15	0000000000	0000000000	0000000000	0000000000	0000000000	0000000000	00100000	
0118	01/02/2011 04:30	0000000000	0000000000	0000000000	0000000000	0000000000	0000000000	00100000	
0119	01/02/2011 04:45	0000000000	0000000000	0000000000	0000000000	0000000000	0000000000	00100000	
0120	01/02/2011 05:00	0000000000	0000000000	0000000000	0000000000	0000000000	0000000000	00100000	
0121	01/02/2011 05:15	0000000000	0000000000	0000000000	0000000000	0000000000	0000000000	00100000	
0122	01/02/2011 05:30	0000000000	0000000000	0000000000	0000000000	0000000000	0000000000	00100000	
0123	01/02/2011 05:45	0000000000	0000000000	0000000000	0000000000	0000000000	0000000000	00100000	
0124	01/02/2011 06:00	0000000000	0000000000	0000000000	0000000000	0000000000	0000000000	00100000	
0125	01/02/2011 06:15	0000000000	0000000000	0000000000	0000000000	0000000000	0000000000	00100000	
0126	01/02/2011 06:30	0000000000	0000000000	0000000000	0000000000	0000000000	0000000000	00100000	
0127	01/02/2011 06:45	0000000000	0000000000	0000000000	0000000000	0000000000	0000000000	00100000	
0128	01/02/2011 07:00	0000000000	0000000000	0000000000	0000000000	0000000000	0000000000	00100000	
0129	01/02/2011 07:15	0000000000	0000000000	0000000000	0000000000	0000000000	0000000000	00100000	
0130	01/02/2011 07:30	0000000000	0000000000	0000000000	0000000000	0000000000	0000000000	00100000	
0131	01/02/2011 07:45	0000000000	0000000000	0000000000	0000000000	0000000000	0000000000	00100000	
0132	01/02/2011 08:00	0000000000	0000000000	0000000000	0000000000	0000000000	0000000000	00100000	
0133	01/02/2011 08:15	0000000000	0000000000	0000000000	0000000000	0000000000	0000000000	00100000	
0134	01/02/2011 08:30	0000000000	0000000000	0000000000	0000000000	0000000000	0000000000	00100000	
0135	01/02/2011 08:45	0000000000	0000000000	0000000000	0000000000	0000000000	0000000000	00100000	
0136	01/02/2011 09:00	0000000000	0000000000	0000000000	0000000000	0000000000	0000000000	00100000	
0137	01/02/2011 09:15	0000000000	0000000000	0000000000	0000000000	0000000000	0000000000	00100000	
0138	01/02/2011 09:30	0000000000	0000000000	0000000000	0000000000	0000000000	0000000000	00100000	
0139	01/02/2011 09:45	0000000000	0000000000	0000000000	0000000000	0000000000	0000000000	00100000	
0140	01/02/2011 10:00	0000000000	0000000000	0000000000	0000000000	0000000000	0000000000	00100000	
0141	01/02/2011 10:15	0000000000	0000000000	0000000000	0000000000	0000000000	0000000000	00100000	
0142	01/02/2011 10:30	0000000000	0000000000	0000000000	0000000000	0000000000	0000000000	00100000	
0143	01/02/2011 10:45	0000000000	0000000000	0000000000	0000000000	0000000000	0000000000	00100000	
0144	01/02/2011 11:00	0000000000	0000000000	0000000000	0000000000	0000000000	0000000000	00100000	
0145	01/02/2011 11:15	0000000000	0000000000	0000000000	0000000000	0000000000	0000000000	00100000	
0146	01/02/2011 11:30	0000000000	0000000000	0000000000	0000000000	0000000000	0000000000	00100000	
0147	01/02/2011 11:45	0000000000	0000000000	0000000000	0000000000	0000000000	0000000000	00100000	
0148	01/02/2011 12:00	0000000000	0000000000	0000000000	0000000000	0000000000	0000000000	00100000	
0149	01/02/2011 12:15	0000000000	0000000000	0000000000	0000000000	0000000000	0000000000	00100000	
0150	01/02/2011 12:30	0000000000	0000000000	0000000000	0000000000	0000000000	0000000000	00100000	
0151	01/02/2011 12:45	0000000000	0000000000	0000000000	0000000000	0000000000	0000000000	00100000	
0152	01/02/2011 13:00	0000000000	0000000000	0000000000	0000000000	0000000000	0000000000	00100000	
0153	01/02/2011 13:15	0000000000	0000000000	0000000000	0000000000	0000000000	0000000000	00100000	
0154	01/02/2011 13:30	0000000000	0000000000	0000000000	0000000000	0000000000	0000000000	00100000	
0155	01/02/2011 13:45	0000000000	0000000000	0000000000	0000000000	0000000000	0000000000	00100000	
0156	01/02/2011 14:00	0000000000	0000000000	0000000000	0000000000	0000000000	0000000000	00100000	
0157	01/02/2011 14:15	0000000000	0000000000	0000000000	0000000000	0000000000	0000000000	00100000	
0158	01/02/2011 14:30	0000000000	0000000000	0000000000	0000000000	0000000000	0000000000	00100000	
0159	01/02/2011 14:45	0000000000	0000000000	0000000000	0000000000	0000000000	0000000000	00100000	
0160	01/02/2011 15:00	0000000000	0000000000	0000000000	0000000000	0000000000	0000000000	00100000	
0161	01/02/2011 15:15	0000000000	0000000000	0000000000	0000000000	0000000000	0000000000	00100000	
0162	01/02/2011 15:30	0000000000	0000000000	0000000000	0000000000	0000000000	0000000000	00100000	
0163	01/02/2011 15:45	0000000000	0000000000	0000000000	0000000000	0000000000	0000000000	00100000	
0164	01/02/2011 16:00	0000000000	0000000000	0000000000	0000000000	0000000000	0000000000	00100000	
0165	01/02/2011 16:15	0000000000	0000000000	0000000000	0000000000	0000000000	0000000000	00100000	
0166	01/02/2011 16:30	0000000000	0000000000	0000000000	0000000000	0000000000	0000000000	00100000	
0167	01/02/2011 16:45	0000000000	0000000000	0000000000	0000000000	0000000000	0000000000	00100000	
0168	01/02/2011 17:00	0000000000	0000000000	0000000000	0000000000	0000000000	0000000000	00100000	
0169	01/02/2011 17:15	0000000000	0000000000	0000000000	0000000000	0000000000	0000000000	00100000	
0170	01/02/2011 17:30	0000000000	0000000000	0000000000	0000000000	0000000000	0000000000	00100000	
0171	01/02/2011 17:45	0000000000	0000000000	0000000000	0000000000	0000000000	0000000000	00100000	
0172	01/02/2011 18:00	0000000000	0000000000	0000000000	0000000000	0000000000	0000000000	00100000	
0173	01/02/2011 18:15	0000000000	0000000000	0000000000	0000000000	0000000000	0000000000	00100000	
0174	01/02/2011 18:30	0000000000	0000000000	0000000000	0000000000	0000000000	0000000000	00100000	
0175	01/02/2011 18:45	0000000000	0000000000	0000000000	0000000000	0000000000	0000000000	00100000	
0176	01/02/2011 19:00	0000000000	0000000000	0000000000	0000000000	0000000000	0000000000	00100000	
0177	01/02/2011 19:15	0000000000	0000000000	0000000000	0000000000	0000000000	0000000000	00100000	
0178	01/02/2011 19:30	0000000000	0000000000	0000000000	0000000000	0000000000	0000000000	00100000	
0179	01/02/2011 19:45	0000000000	0000000000	0000000000	0000000000	0000000000	0000000000	00100000	
0180	01/02/2011 20:00	0000000000	0000000000	0000000000	0000000000	0000000000	0000000000	00100000	
0181	01/02/2011 20:15	0000000000	0000000000	0000000000	0000000000	0000000000	0000000000	00100000	
0182	01/02/2011 20:30	0000000000	0000000000	0000000000	0000000000	0000000000	0000000000	00100000	
0183	01/02/2011 20:45	0000000000	0000000000	0000000000	0000000000	0000000000	0000000000	00100000	
0184	01/02/2011 21:00	0000000000	0000000000	0000000000	0000000000	0000000000	0000000000	00100000	
0185	01/02/2011 21:15	0000000000	0000000000	0000000000	0000000000	0000000000	0000000000	00100000	
0186	01/02/2011 21:30	0000000000	0000000000	0000000000	0000000000	0000000000	0000000000	00100000	
0187	01/02/2011 21:45	0000000000	0000000000	0000000000	0000000000	0000000000	0000000000	00100000	
0188	01/02/2011 22:00	0000000000	0000000000	0000000000	0000000000	0000000000	0000000000	00100000	
0189	01/02/2011 22:15	0000000000	0000000000	0000000000	0000000000	0000000000	0000000000	00100000	
0190	01/02/2011 22:30	0000000000	0000000000	0000000000	0000000000	0000000000	0000000000	00100000	
0191	01/02/2011 22:45	0000000000	0000000000	0000000000	0000000000	0000000000	0000000000	00100000	
0192	01/02/2011 23:00	0000000000	0000000000	0000000000	0000000000	0000000000	0000000000	00100000	
0193	01/02/2011 23:15	0000000000	0000000000	0000000000	0000000000	0000000000	0000000000	00100000	
0194	01/02/2011 23:30	0000000000	0000000000	0000000000	0000000000	0000000000	0000000000	00100000	
0195	01/02/2011 23:45	0000000000	0000000000	0000000000	0000000000	0000000000	0000000000	00100000	
011	01/02/2011 00:15	0000000000	0000000000	0000000000	0000000000	0000000000	0000000000	00100000	
012	01/02/2011 00:30	0000000000	0000000000	0000000000	0000000000	0000000000	0000000000	00100000	
013	01/02/2011 00:45	0000000000	0000000000	0000000000	0000000000	0000000000	0000000000	00100000	
014	01/02/2011 01:00	0000000000	0000000000	0000000000	0000000000	0000000000	0000000000	00100000	
015	01/02/2011 01:15	0000000000	0000000000	0000000000	0000000000	0000000000	0000000000	00100000	
016	01/02/2011 01:30	0000000000	0000000000	0000000000	0000000000	0000000000	0000000000	00100000	
017	01/02/2011 01:45	0000000000	0000000000	0000000000	0000000000	0000000000	0000000000	00100000	
018	01/02/2011 02:00	0000000000	0000000000	0000000000	0000000000	0000000000	0000000000	00100000	
019	01/02/2011 02:15	0000000000	0000000000	0000000000	0000000000	0000000000	0000000000	00100000	
0110	01/02/2011 02:30	0000000000	0000000000	0000000000	0000000000	0000000000	0000000000	00100000	
0111	01/02/2011 02:45	0000000000	0000000000	0000000000	0000000000	0000000000	0000000000	00100000	
0112	01/02/2011 03:00	0000000000	0000000000	0000000000	0000000000	0000000000	0000000000	00100000	
0113	01/02/2011 03:15	0000000000	0000000000	0000000000	0000000000	0000000000	0000000000	00100000	
0114	01/02/2011 03:30	0000000000	0000000000	0000000000	0000000000	0000000000	0000000000	00100000	
0115	01/02/2011 03:45	0000000000	0000000000	0000000000	0000000000	0000000000	0000000000	00100000	
0116	01/02/2011 04:00	0000000000	0000000000	0000000000	0000000000	0000000000	0000000000	00100000	
0117	01/02/2011 04:15	0000000000	0000000000	0000000000	0000000000	0000000000	0000000000	00100000	
0118	01/02/2011 04:30	0000000000	0000000000	0000000000	0000000000	0000000000	0000000000	00100000	
0119	01/02/2011 04:45	0000000000	0000000000	0000000000	0000000000	0000000000	0000000000	00100000	
0120	01/02/2011 05:00	0000000000	0000000000	0000000000	0000000000	0000000000	0000000000	00100000	
0121	01/02/2011 05:15	0000000000	0000000000	0000000000	0000000000	0000000000	0000000000	00100000	
0122	01/02/2011 05:30	0000000000	0000000000	0000000000	0000000000	0000000000	0000000000	00100000	
0123	01/02/2011 05:45	0000000000	0000000000	0000000000	0000000000	0000000000	0000000000	00100000	
0124	01/02/2011 06:00	0000000000	0000000000	0000000000	0000000000	0000000000	0000000000	00100000	
0125	01/02/2011 06:15	0000000000	0000000000	0000000000	0000000000	0000000000	0000000000	00100000	
0126	01/02/2011 06:30	0000000000	0000000000	0000000000	0000000000	0000000000	0000000000	00100000	
0127	01/02/2011 06:45	0000000000	0000000000	0000000000	0000000000	0000000000	0000000000	00100000	
0128	01/02/2011 07:00	0000000000	0000000000	0000000000	0000000000	0000000000	0000000000	00100000	
0129	01/02/2011 07:15	0000000000	0000000000	0000000000	0000000000	0000000000	0000000000	00100000	
0130	01/02/2011 07:30	0000000000	0000000000	0000000000	0000000000	0000000000	0000000000	00100000	
0131	01/02/2011 07:45	0000000000	0000000000	0000000000	0000000000	0000000000	0000000000	00100000	
0132	01/02/2011 08:00	0000000000	0000000000	0000000000	0000000000	0000000000	0000000000	00100000	
0133	01/02/2011 08:15	0000000000	0000000000	0000000000	0000000000	0000000000	0000000000	00100000	
0134	01/02/2011 08:30	0000000000	0000000000	0000000000	0000000000	0000000000	0000000000	00100000	
0135	01/02/2011 08:45	0000000000	0000000000	0000000000	0000000000	0000000000	0000000000	00100000	
0136	01/02/2011 09:00	0000000000	0000000000	0000000000	0000000000	0000000000	0000000000	00100000	
0137	01/02/2011 09:15	0000000000	0000000000	0000000000	0000000000	0000000000	0000000000	00100000	
0138	01/02/2011 09:30	0000000000	0000000000	0000000000	0000000000	0000000000	0000000000	00100000	
0139	01/02/2011 09:45	0000000000	0000000000	0000000000	0000000000	0000000000	0000000000	00100000	
0140	01/02/2011 10:00	0000000000	0000000000	0000000000	0000000000	0000000000	0000000000	00100000	
0141	01/02/2011 10:15	0000000000	0000000000	0000000000	0000000000	0000000000	0000000000	00100000	
0142	01/02/2011 10:30	0000000000	0000000000	0000000000	0000000000	0000000000	0000000000	00100000	
0143	01/02/2011 10:45	0000000000	0000000000	0000000000	0000000000	0000000000	0000000000	00100000	
0144	01/02/2011 11:00	0000000000	0000000000	0000000000	0000000000	0000000000	0000000000	00100000	
0145	01/02/2011 11:15	0000000000	0000000000	0000000000	0000000000	0000000000	0000000000	00100000	
0146	01/02/2011 11:30	0000000000	0000000000	0000000000	0000000000	0000000000	0000000000	00100000	
0147	01/02/2011 11:45	0000000000	0000000000	0000000000	0000000000	0000000000	0000000000	00100000	
0148	01/02/2011 12:00	0000000000	0000000000	0000000000	0000000000	0000000000	0000000000	00100000	
0149	01/02/2011 12:15	0000000000	0000000000	0000000000	0000000000	0000000000	0000000000	00100000	
0150	01/02/2011 12:30	0000000000	0000000000	0000000000	0000000000	0000000000	0000000000	00100000	
0151	01/02/2011 12:45	0000000000	0000000000	0000000000	0000000000	0000000000	0000000000	00100000	
0152	01/02/2011 13:00	0000000000	0000000000	0000000000	0000000000	0000000000	0000000000	00100000	
0153	01/02/2011 13:15	0000000000	0000000000	0000000000	0000000000	0000000000	0000000000	00100000	
0154	01/02/2011 13:30	0000000000	0000000000	0000000000	0000000000	0000000000	0000000000	00100000	
0155	01/02/2011 13:45	0000000000	0000000000	0000000000	0000000000	0000000000	0000000000	00100000	
0156	01/02/2011 14:00	0000000000	0000000000	0000000000	0000000000	0000000000	0000000000	00100000	
0157	01/02/2011 14:15	0000000000	0000000000	0000000000	0000000000	0000000000	0000000000	00100000	
0158	01/02/2011 14:30	0000000000	0000000000	0000000000	0000000000	0000000000	0000000000	00100000	
0159	01/02/2011 14:45	0000000000	0000000000	0000000000	0000000000	0000000000	0000000000	00100000	
0160	01/02/2011 15:00	0000000000	0000000000	0000000000	0000000000	0000000000	0000000000	00100000	
0161	01/02/2011 15:15	0000000000	0000000000	0000000000	0000000000	0000000000	0000000000	00100000	
0162	01/02/2011 15:30	0000000000	0000000000	0000000000	0000000000	0000000000	0000000000	00100000	
0163	01/02/2011 15:45	0000000000	0000000000	0000000000	0000000000	0000000000	0000000000	00100000	
0164	01/02/2011 16:00	0000000000	0000000000	0000000000	0000000000	0000000000	0000000000	00100000	
0165	01/02/2011 16:15	0000000000	0000000000	0000000000	0000000000	0000000000	0000000000	00100000	
0166	01/02/2011 16:30	0000000000	0000000000	0000000000	0000000000	0000000000	0000000000	00100000	
0167	01/02/2011 16:45	0000000000	0000000000	0000000000	0000000000	0000000000	0000000000	00100000	
0168	01/02/2011 17:00	0000000000	0000000000	0000000000	0000000000	0000000000	0000000000	00100000	
0169	01/02/2011 17:15	0000000000	0000000000	0000000000	0000000000	0000000000	0000000000	00100000	
0170	01/02/2011 17:30	0000000000	0000000000	0000000000	0000000000	0000000000	0000000000	00100000	
0171	01/02/2011 17:45	0000000000	0000000000	0000000000	0000000000	0000000000	0000000000	00100000	
0172	01/02/2011 18:00	0000000000	0000000000	0000000000	0000000000	0000000000	0000000000	00100000	
0173	01/02/2011 18:15	0000000000	0000000000	0000000000	0000000000	0000000000	0000000000	00100000	
0174	01/02/2011 18:30	0000000000	0000000000	0000000000	0000000000	0000000000	0000000000	00100000	
0175	01/02/2011 18:45	0000000000	0000000000	0000000000	0000000000	0000000000	0000000000	00100000	
0176	01/02/2011 19:00	0000000000	0000000000	0000000000	0000000000	0000000000	0000000000	00100000	
0177	01/02/2011 19:15	0000000000	0000000000	0000000000	0000000000	0000000000	0000000000	00100000	
0178	01/02/2011 19:30	0000000000	0000000000	0000000000	0000000000	0000000000	0000000000	00100000	
0179	01/02/2011 19:45	0000000000	0000000000	0000000000	0000000000	0000000000	0000000000	00100000	
0180	01/02/2011 20:00	0000000000	0000000000	0000000000	0000000000	0000000000	0000000000	00100000	
0181	01/02/2011 20:15	0000000000	0000000000	0000000000	0000000000	0000000000	0000000000	00100000	
0182	01/02/2011 20:30	0000000000	0000000000	0000000000	0000000000	0000000000	0000000000	00100000	
0183	01/02/2011 20:45	0000000000	0000000000	0000000000	0000000000	0000000000	0000000000	00100000	
0184	01/02/2011 21:00	0000000000	0000000000	0000000000	0000000000	0000000000	0000000000	00100000	
0185	01/02/2011 21:15	0000000000	0000000000	0000000000	0000000000	0000000000	0000000000	00100000	
0186	01/02/2011 21:30	0000000000	0000000000	0000000000	0000000000	0000000000	0000000000	00100000	
0187	01/02/2011 21:45	0000000000	0000000000	0000000000	0000000000	0000000000	0000000000	00100000	
0188	01/02/2011 22:00	0000000000	0000000000	0000000000	0000000000	0000000000	0000000000	00100000	
0189	01/02/2011 22:15	0000000000	0000000000	0000000000	0000000000	0000000000	0000000000	00100000	
0190	01/02/2011 22:30	0000000000	0000000000	0000000000	0000000000	0000000000	0000000000	00100000	
0191	01/02/2011 22:45	0000000000	0000000000	0000000000	0000000000	0000000000	0000000000	00100000	
0192	01/02/2011 23:00	0000000000	0000000000	0000000000	0000000000	0000000000	0000000000	00100000	
0193	01/02/2011 23:15	0000000000	0000000000	0000000000	0000000000	0000000000	0000000000	00100000	
0194	01/02/2011 23:30	0000000000	0000000000	0000000000	0000000000	0000000000	0000000000	00100000	
0195	01/02/2011 23:45	0000000000	0000000000	0000000000	0000000000	0000000000	0000000000	00100000	
