060	06/02/2011 00:00	0000000000	0000000000	0000000000	0000000000	0000000000	0000000000	00100000	
061	06/02/2011 00:15	0000000000	0000000000	0000000000	0000000000	0000000000	0000000000	00100000	
062	06/02/2011 00:30	0000000000	0000000000	0000000000	0000000000	0000000000	0000000000	00100000	
063	06/02/2011 00:45	0000000000	0000000000	0000000000	0000000000	0000000000	0000000000	00100000	
064	06/02/2011 01:00	0000000000	0000000000	0000000000	0000000000	0000000000	0000000000	00100000	
065	06/02/2011 01:15	0000000000	0000000000	0000000000	0000000000	0000000000	0000000000	00100000	
066	06/02/2011 01:30	0000000000	0000000000	0000000000	0000000000	0000000000	0000000000	00100000	
067	06/02/2011 01:45	0000000000	0000000000	0000000000	0000000000	0000000000	0000000000	00100000	
068	06/02/2011 02:00	0000000000	0000000000	0000000000	0000000000	0000000000	0000000000	00100000	
069	06/02/2011 02:15	0000000000	0000000000	0000000000	0000000000	0000000000	0000000000	00100000	
0610	06/02/2011 02:30	0000000000	0000000000	0000000000	0000000000	0000000000	0000000000	00100000	
0611	06/02/2011 02:45	0000000000	0000000000	0000000000	0000000000	0000000000	0000000000	00100000	
0612	06/02/2011 03:00	0000000000	0000000000	0000000000	0000000000	0000000000	0000000000	00100000	
0613	06/02/2011 03:15	0000000000	0000000000	0000000000	0000000000	0000000000	0000000000	00100000	
0614	06/02/2011 03:30	0000000000	0000000000	0000000000	0000000000	0000000000	0000000000	00100000	
0615	06/02/2011 03:45	0000000000	0000000000	0000000000	0000000000	0000000000	0000000000	00100000	
0616	06/02/2011 04:00	0000000000	0000000000	0000000000	0000000000	0000000000	0000000000	00100000	
0617	06/02/2011 04:15	0000000000	0000000000	0000000000	0000000000	0000000000	0000000000	00100000	
0618	06/02/2011 04:30	0000000000	0000000000	0000000000	0000000000	0000000000	0000000000	00100000	
0619	06/02/2011 04:45	0000000000	0000000000	0000000000	0000000000	0000000000	0000000000	00100000	
0620	06/02/2011 05:00	0000000000	0000000000	0000000000	0000000000	0000000000	0000000000	00100000	
0621	06/02/2011 05:15	0000000000	0000000000	0000000000	0000000000	0000000000	0000000000	00100000	
0622	06/02/2011 05:30	0000000000	0000000000	0000000000	0000000000	0000000000	0000000000	00100000	
0623	06/02/2011 05:45	0000000000	0000000000	0000000000	0000000000	0000000000	0000000000	00100000	
0624	06/02/2011 06:00	0000000000	0000000000	0000000000	0000000000	0000000000	0000000000	00100000	
0625	06/02/2011 06:15	0000000000	0000000000	0000000000	0000000000	0000000000	0000000000	00100000	
0626	06/02/2011 06:30	0000000000	0000000000	0000000000	0000000000	0000000000	0000000000	00100000	
0627	06/02/2011 06:45	0000000000	0000000000	0000000000	0000000000	0000000000	0000000000	00100000	
0628	06/02/2011 07:00	0000000000	0000000000	0000000000	0000000000	0000000000	0000000000	00100000	
0629	06/02/2011 07:15	0000000000	0000000000	0000000000	0000000000	0000000000	0000000000	00100000	
0630	06/02/2011 07:30	0000000000	0000000000	0000000000	0000000000	0000000000	0000000000	00100000	
0631	06/02/2011 07:45	0000000000	0000000000	0000000000	0000000000	0000000000	0000000000	00100000	
0632	06/02/2011 08:00	0000000000	0000000000	0000000000	0000000000	0000000000	0000000000	00100000	
0633	06/02/2011 08:15	0000000000	0000000000	0000000000	0000000000	0000000000	0000000000	00100000	
0634	06/02/2011 08:30	0000000000	0000000000	0000000000	0000000000	0000000000	0000000000	00100000	
0635	06/02/2011 08:45	0000000000	0000000000	0000000000	0000000000	0000000000	0000000000	00100000	
0636	06/02/2011 09:00	0000000000	0000000000	0000000000	0000000000	0000000000	0000000000	00100000	
0637	06/02/2011 09:15	0000000000	0000000000	0000000000	0000000000	0000000000	0000000000	00100000	
0638	06/02/2011 09:30	0000000000	0000000000	0000000000	0000000000	0000000000	0000000000	00100000	
0639	06/02/2011 09:45	0000000000	0000000000	0000000000	0000000000	0000000000	0000000000	00100000	
0640	06/02/2011 10:00	0000000000	0000000000	0000000000	0000000000	0000000000	0000000000	00100000	
0641	06/02/2011 10:15	0000000000	0000000000	0000000000	0000000000	0000000000	0000000000	00100000	
0642	06/02/2011 10:30	0000000000	0000000000	0000000000	0000000000	0000000000	0000000000	00100000	
0643	06/02/2011 10:45	0000000000	0000000000	0000000000	0000000000	0000000000	0000000000	00100000	
0644	06/02/2011 11:00	0000000000	0000000000	0000000000	0000000000	0000000000	0000000000	00100000	
0645	06/02/2011 11:15	0000000000	0000000000	0000000000	0000000000	0000000000	0000000000	00100000	
0646	06/02/2011 11:30	0000000000	0000000000	0000000000	0000000000	0000000000	0000000000	00100000	
0647	06/02/2011 11:45	0000000000	0000000000	0000000000	0000000000	0000000000	0000000000	00100000	
0648	06/02/2011 12:00	0000000000	0000000000	0000000000	0000000000	0000000000	0000000000	00100000	
0649	06/02/2011 12:15	0000000000	0000000000	0000000000	0000000000	0000000000	0000000000	00100000	
0650	06/02/2011 12:30	0000000000	0000000000	0000000000	0000000000	0000000000	0000000000	00100000	
0651	06/02/2011 12:45	0000000000	0000000000	0000000000	0000000000	0000000000	0000000000	00100000	
0652	06/02/2011 13:00	0000000000	0000000000	0000000000	0000000000	0000000000	0000000000	00100000	
0653	06/02/2011 13:15	0000000000	0000000000	0000000000	0000000000	0000000000	0000000000	00100000	
0654	06/02/2011 13:30	0000000000	0000000000	0000000000	0000000000	0000000000	0000000000	00100000	
0655	06/02/2011 13:45	0000000000	0000000000	0000000000	0000000000	0000000000	0000000000	00100000	
0656	06/02/2011 14:00	0000000000	0000000000	0000000000	0000000000	0000000000	0000000000	00100000	
0657	06/02/2011 14:15	0000000000	0000000000	0000000000	0000000000	0000000000	0000000000	00100000	
0658	06/02/2011 14:30	0000000000	0000000000	0000000000	0000000000	0000000000	0000000000	00100000	
0659	06/02/2011 14:45	0000000000	0000000000	0000000000	0000000000	0000000000	0000000000	00100000	
0660	06/02/2011 15:00	0000000000	0000000000	0000000000	0000000000	0000000000	0000000000	00100000	
0661	06/02/2011 15:15	0000000000	0000000000	0000000000	0000000000	0000000000	0000000000	00100000	
0662	06/02/2011 15:30	0000000000	0000000000	0000000000	0000000000	0000000000	0000000000	00100000	
0663	06/02/2011 15:45	0000000000	0000000000	0000000000	0000000000	0000000000	0000000000	00100000	
0664	06/02/2011 16:00	0000000000	0000000000	0000000000	0000000000	0000000000	0000000000	00100000	
0665	06/02/2011 16:15	0000000000	0000000000	0000000000	0000000000	0000000000	0000000000	00100000	
0666	06/02/2011 16:30	0000000000	0000000000	0000000000	0000000000	0000000000	0000000000	00100000	
0667	06/02/2011 16:45	0000000000	0000000000	0000000000	0000000000	0000000000	0000000000	00100000	
0668	06/02/2011 17:00	0000000000	0000000000	0000000000	0000000000	0000000000	0000000000	00100000	
0669	06/02/2011 17:15	0000000000	0000000000	0000000000	0000000000	0000000000	0000000000	00100000	
0670	06/02/2011 17:30	0000000000	0000000000	0000000000	0000000000	0000000000	0000000000	00100000	
0671	06/02/2011 17:45	0000000000	0000000000	0000000000	0000000000	0000000000	0000000000	00100000	
0672	06/02/2011 18:00	0000000000	0000000000	0000000000	0000000000	0000000000	0000000000	00100000	
0673	06/02/2011 18:15	0000000000	0000000000	0000000000	0000000000	0000000000	0000000000	00100000	
0674	06/02/2011 18:30	0000000000	0000000000	0000000000	0000000000	0000000000	0000000000	00100000	
0675	06/02/2011 18:45	0000000000	0000000000	0000000000	0000000000	0000000000	0000000000	00100000	
0676	06/02/2011 19:00	0000000000	0000000000	0000000000	0000000000	0000000000	0000000000	00100000	
0677	06/02/2011 19:15	0000000000	0000000000	0000000000	0000000000	0000000000	0000000000	00100000	
0678	06/02/2011 19:30	0000000000	0000000000	0000000000	0000000000	0000000000	0000000000	00100000	
0679	06/02/2011 19:45	0000000000	0000000000	0000000000	0000000000	0000000000	0000000000	00100000	
0680	06/02/2011 20:00	0000000000	0000000000	0000000000	0000000000	0000000000	0000000000	00100000	
0681	06/02/2011 20:15	0000000000	0000000000	0000000000	0000000000	0000000000	0000000000	00100000	
0682	06/02/2011 20:30	0000000000	0000000000	0000000000	0000000000	0000000000	0000000000	00100000	
0683	06/02/2011 20:45	0000000000	0000000000	0000000000	0000000000	0000000000	0000000000	00100000	
0684	06/02/2011 21:00	0000000000	0000000000	0000000000	0000000000	0000000000	0000000000	00100000	
0685	06/02/2011 21:15	0000000000	0000000000	0000000000	0000000000	0000000000	0000000000	00100000	
0686	06/02/2011 21:30	0000000000	0000000000	0000000000	0000000000	0000000000	0000000000	00100000	
0687	06/02/2011 21:45	0000000000	0000000000	0000000000	0000000000	0000000000	0000000000	00100000	
0688	06/02/2011 22:00	0000000000	0000000000	0000000000	0000000000	0000000000	0000000000	00100000	
0689	06/02/2011 22:15	0000000000	0000000000	0000000000	0000000000	0000000000	0000000000	00100000	
0690	06/02/2011 22:30	0000000000	0000000000	0000000000	0000000000	0000000000	0000000000	00100000	
0691	06/02/2011 22:45	0000000000	0000000000	0000000000	0000000000	0000000000	0000000000	00100000	
0692	06/02/2011 23:00	0000000000	0000000000	0000000000	0000000000	0000000000	0000000000	00100000	
0693	06/02/2011 23:15	0000000000	0000000000	0000000000	0000000000	0000000000	0000000000	00100000	
0694	06/02/2011 23:30	0000000000	0000000000	0000000000	0000000000	0000000000	0000000000	00100000	
0695	06/02/2011 23:45	0000000000	0000000000	0000000000	0000000000	0000000000	0000000000	00100000	
