160	16/01/2011 00:00	0000000000	0000000000	0000000000	0000000000	0000000000	0000000000	00100000	
161	16/01/2011 00:15	0000000000	0000000000	0000000000	0000000000	0000000000	0000000000	00100000	
162	16/01/2011 00:30	0000000000	0000000000	0000000000	0000000000	0000000000	0000000000	00100000	
163	16/01/2011 00:45	0000000000	0000000000	0000000000	0000000000	0000000000	0000000000	00100000	
164	16/01/2011 01:00	0000000000	0000000000	0000000000	0000000000	0000000000	0000000000	00100000	
165	16/01/2011 01:15	0000000000	0000000000	0000000000	0000000000	0000000000	0000000000	00100000	
166	16/01/2011 01:30	0000000000	0000000000	0000000000	0000000000	0000000000	0000000000	00100000	
167	16/01/2011 01:45	0000000000	0000000000	0000000000	0000000000	0000000000	0000000000	00100000	
168	16/01/2011 02:00	0000000000	0000000000	0000000000	0000000000	0000000000	0000000000	00100000	
169	16/01/2011 02:15	0000000000	0000000000	0000000000	0000000000	0000000000	0000000000	00100000	
1610	16/01/2011 02:30	0000000000	0000000000	0000000000	0000000000	0000000000	0000000000	00100000	
1611	16/01/2011 02:45	0000000000	0000000000	0000000000	0000000000	0000000000	0000000000	00100000	
1612	16/01/2011 03:00	0000000000	0000000000	0000000000	0000000000	0000000000	0000000000	00100000	
1613	16/01/2011 03:15	0000000000	0000000000	0000000000	0000000000	0000000000	0000000000	00100000	
1614	16/01/2011 03:30	0000000000	0000000000	0000000000	0000000000	0000000000	0000000000	00100000	
1615	16/01/2011 03:45	0000000000	0000000000	0000000000	0000000000	0000000000	0000000000	00100000	
1616	16/01/2011 04:00	0000000000	0000000000	0000000000	0000000000	0000000000	0000000000	00100000	
1617	16/01/2011 04:15	0000000000	0000000000	0000000000	0000000000	0000000000	0000000000	00100000	
1618	16/01/2011 04:30	0000000000	0000000000	0000000000	0000000000	0000000000	0000000000	00100000	
1619	16/01/2011 04:45	0000000000	0000000000	0000000000	0000000000	0000000000	0000000000	00100000	
1620	16/01/2011 05:00	0000000000	0000000000	0000000000	0000000000	0000000000	0000000000	00100000	
1621	16/01/2011 05:15	0000000000	0000000000	0000000000	0000000000	0000000000	0000000000	00100000	
1622	16/01/2011 05:30	0000000000	0000000000	0000000000	0000000000	0000000000	0000000000	00100000	
1623	16/01/2011 05:45	0000000000	0000000000	0000000000	0000000000	0000000000	0000000000	00100000	
1624	16/01/2011 06:00	0000000000	0000000000	0000000000	0000000000	0000000000	0000000000	00100000	
1625	16/01/2011 06:15	0000000000	0000000000	0000000000	0000000000	0000000000	0000000000	00100000	
1626	16/01/2011 06:30	0000000000	0000000000	0000000000	0000000000	0000000000	0000000000	00100000	
1627	16/01/2011 06:45	0000000000	0000000000	0000000000	0000000000	0000000000	0000000000	00100000	
1628	16/01/2011 07:00	0000000000	0000000000	0000000000	0000000000	0000000000	0000000000	00100000	
1629	16/01/2011 07:15	0000000000	0000000000	0000000000	0000000000	0000000000	0000000000	00100000	
1630	16/01/2011 07:30	0000000000	0000000000	0000000000	0000000000	0000000000	0000000000	00100000	
1631	16/01/2011 07:45	0000000000	0000000000	0000000000	0000000000	0000000000	0000000000	00100000	
1632	16/01/2011 08:00	0000000000	0000000000	0000000000	0000000000	0000000000	0000000000	00100000	
1633	16/01/2011 08:15	0000000000	0000000000	0000000000	0000000000	0000000000	0000000000	00100000	
1634	16/01/2011 08:30	0000000000	0000000000	0000000000	0000000000	0000000000	0000000000	00100000	
1635	16/01/2011 08:45	0000000000	0000000000	0000000000	0000000000	0000000000	0000000000	00100000	
1636	16/01/2011 09:00	0000000000	0000000000	0000000000	0000000000	0000000000	0000000000	00100000	
1637	16/01/2011 09:15	0000000000	0000000000	0000000000	0000000000	0000000000	0000000000	00100000	
1638	16/01/2011 09:30	0000000000	0000000000	0000000000	0000000000	0000000000	0000000000	00100000	
1639	16/01/2011 09:45	0000000000	0000000000	0000000000	0000000000	0000000000	0000000000	00100000	
1640	16/01/2011 10:00	0000000000	0000000000	0000000000	0000000000	0000000000	0000000000	00100000	
1641	16/01/2011 10:15	0000000000	0000000000	0000000000	0000000000	0000000000	0000000000	00100000	
1642	16/01/2011 10:30	0000000000	0000000000	0000000000	0000000000	0000000000	0000000000	00100000	
1643	16/01/2011 10:45	0000000000	0000000000	0000000000	0000000000	0000000000	0000000000	00100000	
1644	16/01/2011 11:00	0000000000	0000000000	0000000000	0000000000	0000000000	0000000000	00100000	
1645	16/01/2011 11:15	0000000000	0000000000	0000000000	0000000000	0000000000	0000000000	00100000	
1646	16/01/2011 11:30	0000000000	0000000000	0000000000	0000000000	0000000000	0000000000	00100000	
1647	16/01/2011 11:45	0000000000	0000000000	0000000000	0000000000	0000000000	0000000000	00100000	
1648	16/01/2011 12:00	0000000000	0000000000	0000000000	0000000000	0000000000	0000000000	00100000	
1649	16/01/2011 12:15	0000000000	0000000000	0000000000	0000000000	0000000000	0000000000	00100000	
1650	16/01/2011 12:30	0000000000	0000000000	0000000000	0000000000	0000000000	0000000000	00100000	
1651	16/01/2011 12:45	0000000000	0000000000	0000000000	0000000000	0000000000	0000000000	00100000	
1652	16/01/2011 13:00	0000000000	0000000000	0000000000	0000000000	0000000000	0000000000	00100000	
1653	16/01/2011 13:15	0000000000	0000000000	0000000000	0000000000	0000000000	0000000000	00100000	
1654	16/01/2011 13:30	0000000000	0000000000	0000000000	0000000000	0000000000	0000000000	00100000	
1655	16/01/2011 13:45	0000000000	0000000000	0000000000	0000000000	0000000000	0000000000	00100000	
1656	16/01/2011 14:00	0000000000	0000000000	0000000000	0000000000	0000000000	0000000000	00100000	
1657	16/01/2011 14:15	0000000000	0000000000	0000000000	0000000000	0000000000	0000000000	00100000	
1658	16/01/2011 14:30	0000000000	0000000000	0000000000	0000000000	0000000000	0000000000	00100000	
1659	16/01/2011 14:45	0000000000	0000000000	0000000000	0000000000	0000000000	0000000000	00100000	
1660	16/01/2011 15:00	0000000000	0000000000	0000000000	0000000000	0000000000	0000000000	00100000	
1661	16/01/2011 15:15	0000000000	0000000000	0000000000	0000000000	0000000000	0000000000	00100000	
1662	16/01/2011 15:30	0000000000	0000000000	0000000000	0000000000	0000000000	0000000000	00100000	
1663	16/01/2011 15:45	0000000000	0000000000	0000000000	0000000000	0000000000	0000000000	00100000	
1664	16/01/2011 16:00	0000000000	0000000000	0000000000	0000000000	0000000000	0000000000	00100000	
1665	16/01/2011 16:15	0000000000	0000000000	0000000000	0000000000	0000000000	0000000000	00100000	
1666	16/01/2011 16:30	0000000000	0000000000	0000000000	0000000000	0000000000	0000000000	00100000	
1667	16/01/2011 16:45	0000000000	0000000000	0000000000	0000000000	0000000000	0000000000	00100000	
1668	16/01/2011 17:00	0000000000	0000000000	0000000000	0000000000	0000000000	0000000000	00100000	
1669	16/01/2011 17:15	0000000000	0000000000	0000000000	0000000000	0000000000	0000000000	00100000	
1670	16/01/2011 17:30	0000000000	0000000000	0000000000	0000000000	0000000000	0000000000	00100000	
1671	16/01/2011 17:45	0000000000	0000000000	0000000000	0000000000	0000000000	0000000000	00100000	
1672	16/01/2011 18:00	0000000000	0000000000	0000000000	0000000000	0000000000	0000000000	00100000	
1673	16/01/2011 18:15	0000000000	0000000000	0000000000	0000000000	0000000000	0000000000	00100000	
1674	16/01/2011 18:30	0000000000	0000000000	0000000000	0000000000	0000000000	0000000000	00100000	
1675	16/01/2011 18:45	0000000000	0000000000	0000000000	0000000000	0000000000	0000000000	00100000	
1676	16/01/2011 19:00	0000000000	0000000000	0000000000	0000000000	0000000000	0000000000	00100000	
1677	16/01/2011 19:15	0000000000	0000000000	0000000000	0000000000	0000000000	0000000000	00100000	
1678	16/01/2011 19:30	0000000000	0000000000	0000000000	0000000000	0000000000	0000000000	00100000	
1679	16/01/2011 19:45	0000000000	0000000000	0000000000	0000000000	0000000000	0000000000	00100000	
1680	16/01/2011 20:00	0000000000	0000000000	0000000000	0000000000	0000000000	0000000000	00100000	
1681	16/01/2011 20:15	0000000000	0000000000	0000000000	0000000000	0000000000	0000000000	00100000	
1682	16/01/2011 20:30	0000000000	0000000000	0000000000	0000000000	0000000000	0000000000	00100000	
1683	16/01/2011 20:45	0000000000	0000000000	0000000000	0000000000	0000000000	0000000000	00100000	
1684	16/01/2011 21:00	0000000000	0000000000	0000000000	0000000000	0000000000	0000000000	00100000	
1685	16/01/2011 21:15	0000000000	0000000000	0000000000	0000000000	0000000000	0000000000	00100000	
1686	16/01/2011 21:30	0000000000	0000000000	0000000000	0000000000	0000000000	0000000000	00100000	
1687	16/01/2011 21:45	0000000000	0000000000	0000000000	0000000000	0000000000	0000000000	00100000	
1688	16/01/2011 22:00	0000000000	0000000000	0000000000	0000000000	0000000000	0000000000	00100000	
1689	16/01/2011 22:15	0000000000	0000000000	0000000000	0000000000	0000000000	0000000000	00100000	
1690	16/01/2011 22:30	0000000000	0000000000	0000000000	0000000000	0000000000	0000000000	00100000	
1691	16/01/2011 22:45	0000000000	0000000000	0000000000	0000000000	0000000000	0000000000	00100000	
1692	16/01/2011 23:00	0000000000	0000000000	0000000000	0000000000	0000000000	0000000000	00100000	
1693	16/01/2011 23:15	0000000000	0000000000	0000000000	0000000000	0000000000	0000000000	00100000	
1694	16/01/2011 23:30	0000000000	0000000000	0000000000	0000000000	0000000000	0000000000	00100000	
1695	16/01/2011 23:45	0000000000	0000000000	0000000000	0000000000	0000000000	0000000000	00100000	
