240	24/02/2011 00:00	0000000000	0000000000	0000000000	0000000000	0000000000	0000000000	00100000	
241	24/02/2011 00:15	0000000000	0000000000	0000000000	0000000000	0000000000	0000000000	00100000	
242	24/02/2011 00:30	0000000000	0000000000	0000000000	0000000000	0000000000	0000000000	00100000	
243	24/02/2011 00:45	0000000000	0000000000	0000000000	0000000000	0000000000	0000000000	00100000	
244	24/02/2011 01:00	0000000000	0000000000	0000000000	0000000000	0000000000	0000000000	00100000	
245	24/02/2011 01:15	0000000000	0000000000	0000000000	0000000000	0000000000	0000000000	00100000	
246	24/02/2011 01:30	0000000000	0000000000	0000000000	0000000000	0000000000	0000000000	00100000	
247	24/02/2011 01:45	0000000000	0000000000	0000000000	0000000000	0000000000	0000000000	00100000	
248	24/02/2011 02:00	0000000000	0000000000	0000000000	0000000000	0000000000	0000000000	00100000	
249	24/02/2011 02:15	0000000000	0000000000	0000000000	0000000000	0000000000	0000000000	00100000	
2410	24/02/2011 02:30	0000000000	0000000000	0000000000	0000000000	0000000000	0000000000	00100000	
2411	24/02/2011 02:45	0000000000	0000000000	0000000000	0000000000	0000000000	0000000000	00100000	
2412	24/02/2011 03:00	0000000000	0000000000	0000000000	0000000000	0000000000	0000000000	00100000	
2413	24/02/2011 03:15	0000000000	0000000000	0000000000	0000000000	0000000000	0000000000	00100000	
2414	24/02/2011 03:30	0000000000	0000000000	0000000000	0000000000	0000000000	0000000000	00100000	
2415	24/02/2011 03:45	0000000000	0000000000	0000000000	0000000000	0000000000	0000000000	00100000	
2416	24/02/2011 04:00	0000000000	0000000000	0000000000	0000000000	0000000000	0000000000	00100000	
2417	24/02/2011 04:15	0000000000	0000000000	0000000000	0000000000	0000000000	0000000000	00100000	
2418	24/02/2011 04:30	0000000000	0000000000	0000000000	0000000000	0000000000	0000000000	00100000	
2419	24/02/2011 04:45	0000000000	0000000000	0000000000	0000000000	0000000000	0000000000	00100000	
2420	24/02/2011 05:00	0000000000	0000000000	0000000000	0000000000	0000000000	0000000000	00100000	
2421	24/02/2011 05:15	0000000000	0000000000	0000000000	0000000000	0000000000	0000000000	00100000	
2422	24/02/2011 05:30	0000000000	0000000000	0000000000	0000000000	0000000000	0000000000	00100000	
2423	24/02/2011 05:45	0000000000	0000000000	0000000000	0000000000	0000000000	0000000000	00100000	
2424	24/02/2011 06:00	0000000000	0000000000	0000000000	0000000000	0000000000	0000000000	00100000	
2425	24/02/2011 06:15	0000000000	0000000000	0000000000	0000000000	0000000000	0000000000	00100000	
2426	24/02/2011 06:30	0000000000	0000000000	0000000000	0000000000	0000000000	0000000000	00100000	
2427	24/02/2011 06:45	0000000000	0000000000	0000000000	0000000000	0000000000	0000000000	00100000	
2428	24/02/2011 07:00	0000000000	0000000000	0000000000	0000000000	0000000000	0000000000	00100000	
2429	24/02/2011 07:15	0000000000	0000000000	0000000000	0000000000	0000000000	0000000000	00100000	
2430	24/02/2011 07:30	0000000000	0000000000	0000000000	0000000000	0000000000	0000000000	00100000	
2431	24/02/2011 07:45	0000000000	0000000000	0000000000	0000000000	0000000000	0000000000	00100000	
2432	24/02/2011 08:00	0000000000	0000000000	0000000000	0000000000	0000000000	0000000000	00100000	
2433	24/02/2011 08:15	0000000000	0000000000	0000000000	0000000000	0000000000	0000000000	00100000	
2434	24/02/2011 08:30	0000000000	0000000000	0000000000	0000000000	0000000000	0000000000	00100000	
2435	24/02/2011 08:45	0000000000	0000000000	0000000000	0000000000	0000000000	0000000000	00100000	
2436	24/02/2011 09:00	0000000000	0000000000	0000000000	0000000000	0000000000	0000000000	00100000	
2437	24/02/2011 09:15	0000000000	0000000000	0000000000	0000000000	0000000000	0000000000	00100000	
2438	24/02/2011 09:30	0000000000	0000000000	0000000000	0000000000	0000000000	0000000000	00100000	
2439	24/02/2011 09:45	0000000000	0000000000	0000000000	0000000000	0000000000	0000000000	00100000	
2440	24/02/2011 10:00	0000000000	0000000000	0000000000	0000000000	0000000000	0000000000	00100000	
2441	24/02/2011 10:15	0000000000	0000000000	0000000000	0000000000	0000000000	0000000000	00100000	
2442	24/02/2011 10:30	0000000000	0000000000	0000000000	0000000000	0000000000	0000000000	00100000	
2443	24/02/2011 10:45	0000000000	0000000000	0000000000	0000000000	0000000000	0000000000	00100000	
2444	24/02/2011 11:00	0000000000	0000000000	0000000000	0000000000	0000000000	0000000000	00100000	
2445	24/02/2011 11:15	0000000000	0000000000	0000000000	0000000000	0000000000	0000000000	00100000	
2446	24/02/2011 11:30	0000000000	0000000000	0000000000	0000000000	0000000000	0000000000	00100000	
2447	24/02/2011 11:45	0000000000	0000000000	0000000000	0000000000	0000000000	0000000000	00100000	
2448	24/02/2011 12:00	0000000000	0000000000	0000000000	0000000000	0000000000	0000000000	00100000	
2449	24/02/2011 12:15	0000000000	0000000000	0000000000	0000000000	0000000000	0000000000	00100000	
2450	24/02/2011 12:30	0000000000	0000000000	0000000000	0000000000	0000000000	0000000000	00100000	
2451	24/02/2011 12:45	0000000000	0000000000	0000000000	0000000000	0000000000	0000000000	00100000	
2452	24/02/2011 13:00	0000000000	0000000000	0000000000	0000000000	0000000000	0000000000	00100000	
2453	24/02/2011 13:15	0000000000	0000000000	0000000000	0000000000	0000000000	0000000000	00100000	
2454	24/02/2011 13:30	0000000000	0000000000	0000000000	0000000000	0000000000	0000000000	00100000	
2455	24/02/2011 13:45	0000000000	0000000000	0000000000	0000000000	0000000000	0000000000	00100000	
2456	24/02/2011 14:00	0000000000	0000000000	0000000000	0000000000	0000000000	0000000000	00100000	
2457	24/02/2011 14:15	0000000000	0000000000	0000000000	0000000000	0000000000	0000000000	00100000	
2458	24/02/2011 14:30	0000000000	0000000000	0000000000	0000000000	0000000000	0000000000	00100000	
2459	24/02/2011 14:45	0000000000	0000000000	0000000000	0000000000	0000000000	0000000000	00100000	
2460	24/02/2011 15:00	0000000000	0000000000	0000000000	0000000000	0000000000	0000000000	00100000	
2461	24/02/2011 15:15	0000000000	0000000000	0000000000	0000000000	0000000000	0000000000	00100000	
2462	24/02/2011 15:30	0000000000	0000000000	0000000000	0000000000	0000000000	0000000000	00100000	
2463	24/02/2011 15:45	0000000000	0000000000	0000000000	0000000000	0000000000	0000000000	00100000	
2464	24/02/2011 16:00	0000000000	0000000000	0000000000	0000000000	0000000000	0000000000	00100000	
2465	24/02/2011 16:15	0000000000	0000000000	0000000000	0000000000	0000000000	0000000000	00100000	
2466	24/02/2011 16:30	0000000000	0000000000	0000000000	0000000000	0000000000	0000000000	00100000	
2467	24/02/2011 16:45	0000000000	0000000000	0000000000	0000000000	0000000000	0000000000	00100000	
2468	24/02/2011 17:00	0000000000	0000000000	0000000000	0000000000	0000000000	0000000000	00100000	
2469	24/02/2011 17:15	0000000000	0000000000	0000000000	0000000000	0000000000	0000000000	00100000	
2470	24/02/2011 17:30	0000000000	0000000000	0000000000	0000000000	0000000000	0000000000	00100000	
2471	24/02/2011 17:45	0000000000	0000000000	0000000000	0000000000	0000000000	0000000000	00100000	
2472	24/02/2011 18:00	0000000000	0000000000	0000000000	0000000000	0000000000	0000000000	00100000	
2473	24/02/2011 18:15	0000000000	0000000000	0000000000	0000000000	0000000000	0000000000	00100000	
2474	24/02/2011 18:30	0000000000	0000000000	0000000000	0000000000	0000000000	0000000000	00100000	
2475	24/02/2011 18:45	0000000000	0000000000	0000000000	0000000000	0000000000	0000000000	00100000	
2476	24/02/2011 19:00	0000000000	0000000000	0000000000	0000000000	0000000000	0000000000	00100000	
2477	24/02/2011 19:15	0000000000	0000000000	0000000000	0000000000	0000000000	0000000000	00100000	
2478	24/02/2011 19:30	0000000000	0000000000	0000000000	0000000000	0000000000	0000000000	00100000	
2479	24/02/2011 19:45	0000000000	0000000000	0000000000	0000000000	0000000000	0000000000	00100000	
2480	24/02/2011 20:00	0000000000	0000000000	0000000000	0000000000	0000000000	0000000000	00100000	
2481	24/02/2011 20:15	0000000000	0000000000	0000000000	0000000000	0000000000	0000000000	00100000	
2482	24/02/2011 20:30	0000000000	0000000000	0000000000	0000000000	0000000000	0000000000	00100000	
2483	24/02/2011 20:45	0000000000	0000000000	0000000000	0000000000	0000000000	0000000000	00100000	
2484	24/02/2011 21:00	0000000000	0000000000	0000000000	0000000000	0000000000	0000000000	00100000	
2485	24/02/2011 21:15	0000000000	0000000000	0000000000	0000000000	0000000000	0000000000	00100000	
2486	24/02/2011 21:30	0000000000	0000000000	0000000000	0000000000	0000000000	0000000000	00100000	
2487	24/02/2011 21:45	0000000000	0000000000	0000000000	0000000000	0000000000	0000000000	00100000	
2488	24/02/2011 22:00	0000000000	0000000000	0000000000	0000000000	0000000000	0000000000	00100000	
2489	24/02/2011 22:15	0000000000	0000000000	0000000000	0000000000	0000000000	0000000000	00100000	
2490	24/02/2011 22:30	0000000000	0000000000	0000000000	0000000000	0000000000	0000000000	00100000	
2491	24/02/2011 22:45	0000000000	0000000000	0000000000	0000000000	0000000000	0000000000	00100000	
2492	24/02/2011 23:00	0000000000	0000000000	0000000000	0000000000	0000000000	0000000000	00100000	
2493	24/02/2011 23:15	0000000000	0000000000	0000000000	0000000000	0000000000	0000000000	00100000	
2494	24/02/2011 23:30	0000000000	0000000000	0000000000	0000000000	0000000000	0000000000	00100000	
2495	24/02/2011 23:45	0000000000	0000000000	0000000000	0000000000	0000000000	0000000000	00100000	
