270	27/11/2011 00:00	0000000004	0000000000	0000000004	0000000000	0000000000	0000000000	00000000	
271	27/11/2011 00:15	0000000004	0000000000	0000000004	0000000000	0000000000	0000000000	00000000	
272	27/11/2011 00:30	0000000008	0000000000	0000000004	0000000000	0000000000	0000000000	00000000	
273	27/11/2011 00:45	0000000004	0000000000	0000000000	0000000000	0000000000	0000000000	00000000	
274	27/11/2011 01:00	0000000008	0000000000	0000000004	0000000000	0000000000	0000000000	00000000	
275	27/11/2011 01:15	0000000004	0000000000	0000000004	0000000000	0000000000	0000000000	00000000	
276	27/11/2011 01:30	0000000008	0000000000	0000000004	0000000000	0000000000	0000000000	00000000	
277	27/11/2011 01:45	0000000004	0000000000	0000000004	0000000000	0000000000	0000000000	00000000	
278	27/11/2011 02:00	0000000008	0000000000	0000000004	0000000000	0000000000	0000000000	00000000	
279	27/11/2011 02:15	0000000004	0000000000	0000000000	0000000000	0000000000	0000000000	00000000	
2710	27/11/2011 02:30	0000000004	0000000000	0000000004	0000000000	0000000000	0000000000	00000000	
2711	27/11/2011 02:45	0000000008	0000000000	0000000004	0000000000	0000000000	0000000000	00000000	
2712	27/11/2011 03:00	0000000004	0000000000	0000000004	0000000000	0000000000	0000000000	00000000	
2713	27/11/2011 03:15	0000000008	0000000000	0000000004	0000000000	0000000000	0000000000	00000000	
2714	27/11/2011 03:30	0000000008	0000000000	0000000004	0000000000	0000000000	0000000000	00000000	
2715	27/11/2011 03:45	0000000004	0000000000	0000000004	0000000000	0000000000	0000000000	00000000	
2716	27/11/2011 04:00	0000000008	0000000000	0000000004	0000000000	0000000000	0000000000	00000000	
2717	27/11/2011 04:15	0000000004	0000000000	0000000004	0000000000	0000000000	0000000000	00000000	
2718	27/11/2011 04:30	0000000008	0000000000	0000000004	0000000000	0000000000	0000000000	00000000	
2719	27/11/2011 04:45	0000000004	0000000000	0000000000	0000000000	0000000000	0000000000	00000000	
2720	27/11/2011 05:00	0000000008	0000000000	0000000004	0000000000	0000000000	0000000000	00000000	
2721	27/11/2011 05:15	0000000004	0000000000	0000000004	0000000000	0000000000	0000000000	00000000	
2722	27/11/2011 05:30	0000000008	0000000000	0000000004	0000000000	0000000000	0000000000	00000000	
2723	27/11/2011 05:45	0000000004	0000000000	0000000004	0000000000	0000000000	0000000000	00000000	
2724	27/11/2011 06:00	0000000004	0000000000	0000000004	0000000000	0000000000	0000000000	00000000	
2725	27/11/2011 06:15	0000000008	0000000000	0000000004	0000000000	0000000000	0000000000	00000000	
2726	27/11/2011 06:30	0000000008	0000000000	0000000004	0000000000	0000000000	0000000000	00000000	
2727	27/11/2011 06:45	0000000004	0000000000	0000000000	0000000000	0000000000	0000000000	00000000	
2728	27/11/2011 07:00	0000000008	0000000000	0000000004	0000000000	0000000000	0000000000	00000000	
2729	27/11/2011 07:15	0000000008	0000000000	0000000004	0000000000	0000000000	0000000000	00000000	
2730	27/11/2011 07:30	0000000004	0000000000	0000000004	0000000000	0000000000	0000000000	00000000	
2731	27/11/2011 07:45	0000000008	0000000000	0000000004	0000000000	0000000000	0000000000	00000000	
2732	27/11/2011 08:00	0000000004	0000000000	0000000004	0000000000	0000000000	0000000000	00000000	
2733	27/11/2011 08:15	0000000008	0000000000	0000000004	0000000000	0000000000	0000000000	00000000	
2734	27/11/2011 08:30	0000000004	0000000000	0000000004	0000000000	0000000000	0000000000	00000000	
2735	27/11/2011 08:45	0000000008	0000000000	0000000004	0000000000	0000000000	0000000000	00000000	
2736	27/11/2011 09:00	0000000004	0000000000	0000000004	0000000000	0000000000	0000000000	00000000	
2737	27/11/2011 09:15	0000000008	0000000000	0000000000	0000000000	0000000000	0000000000	00000000	
2738	27/11/2011 09:30	0000000004	0000000000	0000000004	0000000000	0000000000	0000000000	00000000	
2739	27/11/2011 09:45	0000000008	0000000000	0000000004	0000000000	0000000000	0000000000	00000000	
2740	27/11/2011 10:00	0000000004	0000000000	0000000004	0000000000	0000000000	0000000000	00000000	
2741	27/11/2011 10:15	0000000008	0000000000	0000000004	0000000000	0000000000	0000000000	00000000	
2742	27/11/2011 10:30	0000000004	0000000000	0000000004	0000000000	0000000000	0000000000	00000000	
2743	27/11/2011 10:45	0000000008	0000000000	0000000000	0000000000	0000000000	0000000000	00000000	
2744	27/11/2011 11:00	0000000004	0000000000	0000000004	0000000000	0000000000	0000000000	00000000	
2745	27/11/2011 11:15	0000000008	0000000000	0000000004	0000000000	0000000000	0000000000	00000000	
2746	27/11/2011 11:30	0000000004	0000000000	0000000004	0000000000	0000000000	0000000000	00000000	
2747	27/11/2011 11:45	0000000008	0000000000	0000000004	0000000000	0000000000	0000000000	00000000	
2748	27/11/2011 12:00	0000000004	0000000000	0000000004	0000000000	0000000000	0000000000	00000000	
2749	27/11/2011 12:15	0000000008	0000000000	0000000000	0000000000	0000000000	0000000000	00000000	
2750	27/11/2011 12:30	0000000008	0000000000	0000000004	0000000000	0000000000	0000000000	00000000	
2751	27/11/2011 12:45	0000000008	0000000000	0000000004	0000000000	0000000000	0000000000	00000000	
2752	27/11/2011 13:00	0000000004	0000000000	0000000004	0000000000	0000000000	0000000000	00000000	
2753	27/11/2011 13:15	0000000008	0000000000	0000000004	0000000000	0000000000	0000000000	00000000	
2754	27/11/2011 13:30	0000000004	0000000000	0000000004	0000000000	0000000000	0000000000	00000000	
2755	27/11/2011 13:45	0000000008	0000000000	0000000000	0000000000	0000000000	0000000000	00000000	
2756	27/11/2011 14:00	0000000004	0000000000	0000000004	0000000000	0000000000	0000000000	00000000	
2757	27/11/2011 14:15	0000000008	0000000000	0000000004	0000000000	0000000000	0000000000	00000000	
2758	27/11/2011 14:30	0000000004	0000000000	0000000004	0000000000	0000000000	0000000000	00000000	
2759	27/11/2011 14:45	0000000008	0000000000	0000000004	0000000000	0000000000	0000000000	00000000	
2760	27/11/2011 15:00	0000000004	0000000000	0000000004	0000000000	0000000000	0000000000	00000000	
2761	27/11/2011 15:15	0000000008	0000000000	0000000004	0000000000	0000000000	0000000000	00000000	
2762	27/11/2011 15:30	0000000004	0000000000	0000000004	0000000000	0000000000	0000000000	00000000	
2763	27/11/2011 15:45	0000000008	0000000000	0000000000	0000000000	0000000000	0000000000	00000000	
2764	27/11/2011 16:00	0000000004	0000000000	0000000004	0000000000	0000000000	0000000000	00000000	
2765	27/11/2011 16:15	0000000008	0000000000	0000000004	0000000000	0000000000	0000000000	00000000	
2766	27/11/2011 16:30	0000000008	0000000000	0000000004	0000000000	0000000000	0000000000	00000000	
2767	27/11/2011 16:45	0000000004	0000000000	0000000004	0000000000	0000000000	0000000000	00000000	
2768	27/11/2011 17:00	0000000008	0000000000	0000000004	0000000000	0000000000	0000000000	00000000	
2769	27/11/2011 17:15	0000000004	0000000000	0000000004	0000000000	0000000000	0000000000	00000000	
2770	27/11/2011 17:30	0000000008	0000000000	0000000004	0000000000	0000000000	0000000000	00000000	
2771	27/11/2011 17:45	0000000004	0000000000	0000000004	0000000000	0000000000	0000000000	00000000	
2772	27/11/2011 18:00	0000000004	0000000000	0000000000	0000000000	0000000000	0000000000	00000000	
2773	27/11/2011 18:15	0000000008	0000000000	0000000004	0000000000	0000000000	0000000000	00000000	
2774	27/11/2011 18:30	0000000004	0000000000	0000000004	0000000000	0000000000	0000000000	00000000	
2775	27/11/2011 18:45	0000000008	0000000000	0000000004	0000000000	0000000000	0000000000	00000000	
2776	27/11/2011 19:00	0000000004	0000000000	0000000004	0000000000	0000000000	0000000000	00000000	
2777	27/11/2011 19:15	0000000008	0000000000	0000000004	0000000000	0000000000	0000000000	00000000	
2778	27/11/2011 19:30	0000000004	0000000000	0000000000	0000000000	0000000000	0000000000	00000000	
2779	27/11/2011 19:45	0000000008	0000000000	0000000004	0000000000	0000000000	0000000000	00000000	
2780	27/11/2011 20:00	0000000004	0000000000	0000000004	0000000000	0000000000	0000000000	00000000	
2781	27/11/2011 20:15	0000000008	0000000000	0000000004	0000000000	0000000000	0000000000	00000000	
2782	27/11/2011 20:30	0000000004	0000000000	0000000004	0000000000	0000000000	0000000000	00000000	
2783	27/11/2011 20:45	0000000008	0000000000	0000000000	0000000000	0000000000	0000000000	00000000	
2784	27/11/2011 21:00	0000000004	0000000000	0000000004	0000000000	0000000000	0000000000	00000000	
2785	27/11/2011 21:15	0000000008	0000000000	0000000004	0000000000	0000000000	0000000000	00000000	
2786	27/11/2011 21:30	0000000004	0000000000	0000000004	0000000000	0000000000	0000000000	00000000	
2787	27/11/2011 21:45	0000000008	0000000000	0000000004	0000000000	0000000000	0000000000	00000000	
2788	27/11/2011 22:00	0000000004	0000000000	0000000004	0000000000	0000000000	0000000000	00000000	
2789	27/11/2011 22:15	0000000008	0000000000	0000000004	0000000000	0000000000	0000000000	00000000	
2790	27/11/2011 22:30	0000000004	0000000000	0000000000	0000000000	0000000000	0000000000	00000000	
2791	27/11/2011 22:45	0000000008	0000000000	0000000004	0000000000	0000000000	0000000000	00000000	
2792	27/11/2011 23:00	0000000004	0000000000	0000000004	0000000000	0000000000	0000000000	00000000	
2793	27/11/2011 23:15	0000000008	0000000000	0000000004	0000000000	0000000000	0000000000	00000000	
2794	27/11/2011 23:30	0000000004	0000000000	0000000004	0000000000	0000000000	0000000000	00000000	
2795	27/11/2011 23:45	0000000008	0000000000	0000000004	0000000000	0000000000	0000000000	00000000	
