280	28/01/2011 00:00	0000000000	0000000000	0000000000	0000000000	0000000000	0000000000	00100000	
281	28/01/2011 00:15	0000000000	0000000000	0000000000	0000000000	0000000000	0000000000	00100000	
282	28/01/2011 00:30	0000000000	0000000000	0000000000	0000000000	0000000000	0000000000	00100000	
283	28/01/2011 00:45	0000000000	0000000000	0000000000	0000000000	0000000000	0000000000	00100000	
284	28/01/2011 01:00	0000000000	0000000000	0000000000	0000000000	0000000000	0000000000	00100000	
285	28/01/2011 01:15	0000000000	0000000000	0000000000	0000000000	0000000000	0000000000	00100000	
286	28/01/2011 01:30	0000000000	0000000000	0000000000	0000000000	0000000000	0000000000	00100000	
287	28/01/2011 01:45	0000000000	0000000000	0000000000	0000000000	0000000000	0000000000	00100000	
288	28/01/2011 02:00	0000000000	0000000000	0000000000	0000000000	0000000000	0000000000	00100000	
289	28/01/2011 02:15	0000000000	0000000000	0000000000	0000000000	0000000000	0000000000	00100000	
2810	28/01/2011 02:30	0000000000	0000000000	0000000000	0000000000	0000000000	0000000000	00100000	
2811	28/01/2011 02:45	0000000000	0000000000	0000000000	0000000000	0000000000	0000000000	00100000	
2812	28/01/2011 03:00	0000000000	0000000000	0000000000	0000000000	0000000000	0000000000	00100000	
2813	28/01/2011 03:15	0000000000	0000000000	0000000000	0000000000	0000000000	0000000000	00100000	
2814	28/01/2011 03:30	0000000000	0000000000	0000000000	0000000000	0000000000	0000000000	00100000	
2815	28/01/2011 03:45	0000000000	0000000000	0000000000	0000000000	0000000000	0000000000	00100000	
2816	28/01/2011 04:00	0000000000	0000000000	0000000000	0000000000	0000000000	0000000000	00100000	
2817	28/01/2011 04:15	0000000000	0000000000	0000000000	0000000000	0000000000	0000000000	00100000	
2818	28/01/2011 04:30	0000000000	0000000000	0000000000	0000000000	0000000000	0000000000	00100000	
2819	28/01/2011 04:45	0000000000	0000000000	0000000000	0000000000	0000000000	0000000000	00100000	
2820	28/01/2011 05:00	0000000000	0000000000	0000000000	0000000000	0000000000	0000000000	00100000	
2821	28/01/2011 05:15	0000000000	0000000000	0000000000	0000000000	0000000000	0000000000	00100000	
2822	28/01/2011 05:30	0000000000	0000000000	0000000000	0000000000	0000000000	0000000000	00100000	
2823	28/01/2011 05:45	0000000000	0000000000	0000000000	0000000000	0000000000	0000000000	00100000	
2824	28/01/2011 06:00	0000000000	0000000000	0000000000	0000000000	0000000000	0000000000	00100000	
2825	28/01/2011 06:15	0000000000	0000000000	0000000000	0000000000	0000000000	0000000000	00100000	
2826	28/01/2011 06:30	0000000000	0000000000	0000000000	0000000000	0000000000	0000000000	00100000	
2827	28/01/2011 06:45	0000000000	0000000000	0000000000	0000000000	0000000000	0000000000	00100000	
2828	28/01/2011 07:00	0000000000	0000000000	0000000000	0000000000	0000000000	0000000000	00100000	
2829	28/01/2011 07:15	0000000000	0000000000	0000000000	0000000000	0000000000	0000000000	00100000	
2830	28/01/2011 07:30	0000000000	0000000000	0000000000	0000000000	0000000000	0000000000	00100000	
2831	28/01/2011 07:45	0000000000	0000000000	0000000000	0000000000	0000000000	0000000000	00100000	
2832	28/01/2011 08:00	0000000000	0000000000	0000000000	0000000000	0000000000	0000000000	00100000	
2833	28/01/2011 08:15	0000000000	0000000000	0000000000	0000000000	0000000000	0000000000	00100000	
2834	28/01/2011 08:30	0000000000	0000000000	0000000000	0000000000	0000000000	0000000000	00100000	
2835	28/01/2011 08:45	0000000000	0000000000	0000000000	0000000000	0000000000	0000000000	00100000	
2836	28/01/2011 09:00	0000000000	0000000000	0000000000	0000000000	0000000000	0000000000	00100000	
2837	28/01/2011 09:15	0000000000	0000000000	0000000000	0000000000	0000000000	0000000000	00100000	
2838	28/01/2011 09:30	0000000000	0000000000	0000000000	0000000000	0000000000	0000000000	00100000	
2839	28/01/2011 09:45	0000000000	0000000000	0000000000	0000000000	0000000000	0000000000	00100000	
2840	28/01/2011 10:00	0000000000	0000000000	0000000000	0000000000	0000000000	0000000000	00100000	
2841	28/01/2011 10:15	0000000000	0000000000	0000000000	0000000000	0000000000	0000000000	00100000	
2842	28/01/2011 10:30	0000000000	0000000000	0000000000	0000000000	0000000000	0000000000	00100000	
2843	28/01/2011 10:45	0000000000	0000000000	0000000000	0000000000	0000000000	0000000000	00100000	
2844	28/01/2011 11:00	0000000000	0000000000	0000000000	0000000000	0000000000	0000000000	00100000	
2845	28/01/2011 11:15	0000000000	0000000000	0000000000	0000000000	0000000000	0000000000	00100000	
2846	28/01/2011 11:30	0000000000	0000000000	0000000000	0000000000	0000000000	0000000000	00100000	
2847	28/01/2011 11:45	0000000000	0000000000	0000000000	0000000000	0000000000	0000000000	00100000	
2848	28/01/2011 12:00	0000000000	0000000000	0000000000	0000000000	0000000000	0000000000	00100000	
2849	28/01/2011 12:15	0000000000	0000000000	0000000000	0000000000	0000000000	0000000000	00100000	
2850	28/01/2011 12:30	0000000000	0000000000	0000000000	0000000000	0000000000	0000000000	00100000	
2851	28/01/2011 12:45	0000000000	0000000000	0000000000	0000000000	0000000000	0000000000	00100000	
2852	28/01/2011 13:00	0000000000	0000000000	0000000000	0000000000	0000000000	0000000000	00100000	
2853	28/01/2011 13:15	0000000000	0000000000	0000000000	0000000000	0000000000	0000000000	00100000	
2854	28/01/2011 13:30	0000000000	0000000000	0000000000	0000000000	0000000000	0000000000	00100000	
2855	28/01/2011 13:45	0000000000	0000000000	0000000000	0000000000	0000000000	0000000000	00100000	
2856	28/01/2011 14:00	0000000000	0000000000	0000000000	0000000000	0000000000	0000000000	00100000	
2857	28/01/2011 14:15	0000000000	0000000000	0000000000	0000000000	0000000000	0000000000	00100000	
2858	28/01/2011 14:30	0000000000	0000000000	0000000000	0000000000	0000000000	0000000000	00100000	
2859	28/01/2011 14:45	0000000000	0000000000	0000000000	0000000000	0000000000	0000000000	00100000	
2860	28/01/2011 15:00	0000000000	0000000000	0000000000	0000000000	0000000000	0000000000	00100000	
2861	28/01/2011 15:15	0000000000	0000000000	0000000000	0000000000	0000000000	0000000000	00100000	
2862	28/01/2011 15:30	0000000000	0000000000	0000000000	0000000000	0000000000	0000000000	00100000	
2863	28/01/2011 15:45	0000000000	0000000000	0000000000	0000000000	0000000000	0000000000	00100000	
2864	28/01/2011 16:00	0000000000	0000000000	0000000000	0000000000	0000000000	0000000000	00100000	
2865	28/01/2011 16:15	0000000000	0000000000	0000000000	0000000000	0000000000	0000000000	00100000	
2866	28/01/2011 16:30	0000000000	0000000000	0000000000	0000000000	0000000000	0000000000	00100000	
2867	28/01/2011 16:45	0000000000	0000000000	0000000000	0000000000	0000000000	0000000000	00100000	
2868	28/01/2011 17:00	0000000000	0000000000	0000000000	0000000000	0000000000	0000000000	00100000	
2869	28/01/2011 17:15	0000000000	0000000000	0000000000	0000000000	0000000000	0000000000	00100000	
2870	28/01/2011 17:30	0000000000	0000000000	0000000000	0000000000	0000000000	0000000000	00100000	
2871	28/01/2011 17:45	0000000000	0000000000	0000000000	0000000000	0000000000	0000000000	00100000	
2872	28/01/2011 18:00	0000000000	0000000000	0000000000	0000000000	0000000000	0000000000	00100000	
2873	28/01/2011 18:15	0000000000	0000000000	0000000000	0000000000	0000000000	0000000000	00100000	
2874	28/01/2011 18:30	0000000000	0000000000	0000000000	0000000000	0000000000	0000000000	00100000	
2875	28/01/2011 18:45	0000000000	0000000000	0000000000	0000000000	0000000000	0000000000	00100000	
2876	28/01/2011 19:00	0000000000	0000000000	0000000000	0000000000	0000000000	0000000000	00100000	
2877	28/01/2011 19:15	0000000000	0000000000	0000000000	0000000000	0000000000	0000000000	00100000	
2878	28/01/2011 19:30	0000000000	0000000000	0000000000	0000000000	0000000000	0000000000	00100000	
2879	28/01/2011 19:45	0000000000	0000000000	0000000000	0000000000	0000000000	0000000000	00100000	
2880	28/01/2011 20:00	0000000000	0000000000	0000000000	0000000000	0000000000	0000000000	00100000	
2881	28/01/2011 20:15	0000000000	0000000000	0000000000	0000000000	0000000000	0000000000	00100000	
2882	28/01/2011 20:30	0000000000	0000000000	0000000000	0000000000	0000000000	0000000000	00100000	
2883	28/01/2011 20:45	0000000000	0000000000	0000000000	0000000000	0000000000	0000000000	00100000	
2884	28/01/2011 21:00	0000000000	0000000000	0000000000	0000000000	0000000000	0000000000	00100000	
2885	28/01/2011 21:15	0000000000	0000000000	0000000000	0000000000	0000000000	0000000000	00100000	
2886	28/01/2011 21:30	0000000000	0000000000	0000000000	0000000000	0000000000	0000000000	00100000	
2887	28/01/2011 21:45	0000000000	0000000000	0000000000	0000000000	0000000000	0000000000	00100000	
2888	28/01/2011 22:00	0000000000	0000000000	0000000000	0000000000	0000000000	0000000000	00100000	
2889	28/01/2011 22:15	0000000000	0000000000	0000000000	0000000000	0000000000	0000000000	00100000	
2890	28/01/2011 22:30	0000000000	0000000000	0000000000	0000000000	0000000000	0000000000	00100000	
2891	28/01/2011 22:45	0000000000	0000000000	0000000000	0000000000	0000000000	0000000000	00100000	
2892	28/01/2011 23:00	0000000000	0000000000	0000000000	0000000000	0000000000	0000000000	00100000	
2893	28/01/2011 23:15	0000000000	0000000000	0000000000	0000000000	0000000000	0000000000	00100000	
2894	28/01/2011 23:30	0000000000	0000000000	0000000000	0000000000	0000000000	0000000000	00100000	
2895	28/01/2011 23:45	0000000000	0000000000	0000000000	0000000000	0000000000	0000000000	00100000	
