290	29/01/2011 00:00	0000000000	0000000000	0000000000	0000000000	0000000000	0000000000	00100000	
291	29/01/2011 00:15	0000000000	0000000000	0000000000	0000000000	0000000000	0000000000	00100000	
292	29/01/2011 00:30	0000000000	0000000000	0000000000	0000000000	0000000000	0000000000	00100000	
293	29/01/2011 00:45	0000000000	0000000000	0000000000	0000000000	0000000000	0000000000	00100000	
294	29/01/2011 01:00	0000000000	0000000000	0000000000	0000000000	0000000000	0000000000	00100000	
295	29/01/2011 01:15	0000000000	0000000000	0000000000	0000000000	0000000000	0000000000	00100000	
296	29/01/2011 01:30	0000000000	0000000000	0000000000	0000000000	0000000000	0000000000	00100000	
297	29/01/2011 01:45	0000000000	0000000000	0000000000	0000000000	0000000000	0000000000	00100000	
298	29/01/2011 02:00	0000000000	0000000000	0000000000	0000000000	0000000000	0000000000	00100000	
299	29/01/2011 02:15	0000000000	0000000000	0000000000	0000000000	0000000000	0000000000	00100000	
2910	29/01/2011 02:30	0000000000	0000000000	0000000000	0000000000	0000000000	0000000000	00100000	
2911	29/01/2011 02:45	0000000000	0000000000	0000000000	0000000000	0000000000	0000000000	00100000	
2912	29/01/2011 03:00	0000000000	0000000000	0000000000	0000000000	0000000000	0000000000	00100000	
2913	29/01/2011 03:15	0000000000	0000000000	0000000000	0000000000	0000000000	0000000000	00100000	
2914	29/01/2011 03:30	0000000000	0000000000	0000000000	0000000000	0000000000	0000000000	00100000	
2915	29/01/2011 03:45	0000000000	0000000000	0000000000	0000000000	0000000000	0000000000	00100000	
2916	29/01/2011 04:00	0000000000	0000000000	0000000000	0000000000	0000000000	0000000000	00100000	
2917	29/01/2011 04:15	0000000000	0000000000	0000000000	0000000000	0000000000	0000000000	00100000	
2918	29/01/2011 04:30	0000000000	0000000000	0000000000	0000000000	0000000000	0000000000	00100000	
2919	29/01/2011 04:45	0000000000	0000000000	0000000000	0000000000	0000000000	0000000000	00100000	
2920	29/01/2011 05:00	0000000000	0000000000	0000000000	0000000000	0000000000	0000000000	00100000	
2921	29/01/2011 05:15	0000000000	0000000000	0000000000	0000000000	0000000000	0000000000	00100000	
2922	29/01/2011 05:30	0000000000	0000000000	0000000000	0000000000	0000000000	0000000000	00100000	
2923	29/01/2011 05:45	0000000000	0000000000	0000000000	0000000000	0000000000	0000000000	00100000	
2924	29/01/2011 06:00	0000000000	0000000000	0000000000	0000000000	0000000000	0000000000	00100000	
2925	29/01/2011 06:15	0000000000	0000000000	0000000000	0000000000	0000000000	0000000000	00100000	
2926	29/01/2011 06:30	0000000000	0000000000	0000000000	0000000000	0000000000	0000000000	00100000	
2927	29/01/2011 06:45	0000000000	0000000000	0000000000	0000000000	0000000000	0000000000	00100000	
2928	29/01/2011 07:00	0000000000	0000000000	0000000000	0000000000	0000000000	0000000000	00100000	
2929	29/01/2011 07:15	0000000000	0000000000	0000000000	0000000000	0000000000	0000000000	00100000	
2930	29/01/2011 07:30	0000000000	0000000000	0000000000	0000000000	0000000000	0000000000	00100000	
2931	29/01/2011 07:45	0000000000	0000000000	0000000000	0000000000	0000000000	0000000000	00100000	
2932	29/01/2011 08:00	0000000000	0000000000	0000000000	0000000000	0000000000	0000000000	00100000	
2933	29/01/2011 08:15	0000000000	0000000000	0000000000	0000000000	0000000000	0000000000	00100000	
2934	29/01/2011 08:30	0000000000	0000000000	0000000000	0000000000	0000000000	0000000000	00100000	
2935	29/01/2011 08:45	0000000000	0000000000	0000000000	0000000000	0000000000	0000000000	00100000	
2936	29/01/2011 09:00	0000000000	0000000000	0000000000	0000000000	0000000000	0000000000	00100000	
2937	29/01/2011 09:15	0000000000	0000000000	0000000000	0000000000	0000000000	0000000000	00100000	
2938	29/01/2011 09:30	0000000000	0000000000	0000000000	0000000000	0000000000	0000000000	00100000	
2939	29/01/2011 09:45	0000000000	0000000000	0000000000	0000000000	0000000000	0000000000	00100000	
2940	29/01/2011 10:00	0000000000	0000000000	0000000000	0000000000	0000000000	0000000000	00100000	
2941	29/01/2011 10:15	0000000000	0000000000	0000000000	0000000000	0000000000	0000000000	00100000	
2942	29/01/2011 10:30	0000000000	0000000000	0000000000	0000000000	0000000000	0000000000	00100000	
2943	29/01/2011 10:45	0000000000	0000000000	0000000000	0000000000	0000000000	0000000000	00100000	
2944	29/01/2011 11:00	0000000000	0000000000	0000000000	0000000000	0000000000	0000000000	00100000	
2945	29/01/2011 11:15	0000000000	0000000000	0000000000	0000000000	0000000000	0000000000	00100000	
2946	29/01/2011 11:30	0000000000	0000000000	0000000000	0000000000	0000000000	0000000000	00100000	
2947	29/01/2011 11:45	0000000000	0000000000	0000000000	0000000000	0000000000	0000000000	00100000	
2948	29/01/2011 12:00	0000000000	0000000000	0000000000	0000000000	0000000000	0000000000	00100000	
2949	29/01/2011 12:15	0000000000	0000000000	0000000000	0000000000	0000000000	0000000000	00100000	
2950	29/01/2011 12:30	0000000000	0000000000	0000000000	0000000000	0000000000	0000000000	00100000	
2951	29/01/2011 12:45	0000000000	0000000000	0000000000	0000000000	0000000000	0000000000	00100000	
2952	29/01/2011 13:00	0000000000	0000000000	0000000000	0000000000	0000000000	0000000000	00100000	
2953	29/01/2011 13:15	0000000000	0000000000	0000000000	0000000000	0000000000	0000000000	00100000	
2954	29/01/2011 13:30	0000000000	0000000000	0000000000	0000000000	0000000000	0000000000	00100000	
2955	29/01/2011 13:45	0000000000	0000000000	0000000000	0000000000	0000000000	0000000000	00100000	
2956	29/01/2011 14:00	0000000000	0000000000	0000000000	0000000000	0000000000	0000000000	00100000	
2957	29/01/2011 14:15	0000000000	0000000000	0000000000	0000000000	0000000000	0000000000	00100000	
2958	29/01/2011 14:30	0000000000	0000000000	0000000000	0000000000	0000000000	0000000000	00100000	
2959	29/01/2011 14:45	0000000000	0000000000	0000000000	0000000000	0000000000	0000000000	00100000	
2960	29/01/2011 15:00	0000000000	0000000000	0000000000	0000000000	0000000000	0000000000	00100000	
2961	29/01/2011 15:15	0000000000	0000000000	0000000000	0000000000	0000000000	0000000000	00100000	
2962	29/01/2011 15:30	0000000000	0000000000	0000000000	0000000000	0000000000	0000000000	00100000	
2963	29/01/2011 15:45	0000000000	0000000000	0000000000	0000000000	0000000000	0000000000	00100000	
2964	29/01/2011 16:00	0000000000	0000000000	0000000000	0000000000	0000000000	0000000000	00100000	
2965	29/01/2011 16:15	0000000000	0000000000	0000000000	0000000000	0000000000	0000000000	00100000	
2966	29/01/2011 16:30	0000000000	0000000000	0000000000	0000000000	0000000000	0000000000	00100000	
2967	29/01/2011 16:45	0000000000	0000000000	0000000000	0000000000	0000000000	0000000000	00100000	
2968	29/01/2011 17:00	0000000000	0000000000	0000000000	0000000000	0000000000	0000000000	00100000	
2969	29/01/2011 17:15	0000000000	0000000000	0000000000	0000000000	0000000000	0000000000	00100000	
2970	29/01/2011 17:30	0000000000	0000000000	0000000000	0000000000	0000000000	0000000000	00100000	
2971	29/01/2011 17:45	0000000000	0000000000	0000000000	0000000000	0000000000	0000000000	00100000	
2972	29/01/2011 18:00	0000000000	0000000000	0000000000	0000000000	0000000000	0000000000	00100000	
2973	29/01/2011 18:15	0000000000	0000000000	0000000000	0000000000	0000000000	0000000000	00100000	
2974	29/01/2011 18:30	0000000000	0000000000	0000000000	0000000000	0000000000	0000000000	00100000	
2975	29/01/2011 18:45	0000000000	0000000000	0000000000	0000000000	0000000000	0000000000	00100000	
2976	29/01/2011 19:00	0000000000	0000000000	0000000000	0000000000	0000000000	0000000000	00100000	
2977	29/01/2011 19:15	0000000000	0000000000	0000000000	0000000000	0000000000	0000000000	00100000	
2978	29/01/2011 19:30	0000000000	0000000000	0000000000	0000000000	0000000000	0000000000	00100000	
2979	29/01/2011 19:45	0000000000	0000000000	0000000000	0000000000	0000000000	0000000000	00100000	
2980	29/01/2011 20:00	0000000000	0000000000	0000000000	0000000000	0000000000	0000000000	00100000	
2981	29/01/2011 20:15	0000000000	0000000000	0000000000	0000000000	0000000000	0000000000	00100000	
2982	29/01/2011 20:30	0000000000	0000000000	0000000000	0000000000	0000000000	0000000000	00100000	
2983	29/01/2011 20:45	0000000000	0000000000	0000000000	0000000000	0000000000	0000000000	00100000	
2984	29/01/2011 21:00	0000000000	0000000000	0000000000	0000000000	0000000000	0000000000	00100000	
2985	29/01/2011 21:15	0000000000	0000000000	0000000000	0000000000	0000000000	0000000000	00100000	
2986	29/01/2011 21:30	0000000000	0000000000	0000000000	0000000000	0000000000	0000000000	00100000	
2987	29/01/2011 21:45	0000000000	0000000000	0000000000	0000000000	0000000000	0000000000	00100000	
2988	29/01/2011 22:00	0000000000	0000000000	0000000000	0000000000	0000000000	0000000000	00100000	
2989	29/01/2011 22:15	0000000000	0000000000	0000000000	0000000000	0000000000	0000000000	00100000	
2990	29/01/2011 22:30	0000000000	0000000000	0000000000	0000000000	0000000000	0000000000	00100000	
2991	29/01/2011 22:45	0000000000	0000000000	0000000000	0000000000	0000000000	0000000000	00100000	
2992	29/01/2011 23:00	0000000000	0000000000	0000000000	0000000000	0000000000	0000000000	00100000	
2993	29/01/2011 23:15	0000000000	0000000000	0000000000	0000000000	0000000000	0000000000	00100000	
2994	29/01/2011 23:30	0000000000	0000000000	0000000000	0000000000	0000000000	0000000000	00100000	
2995	29/01/2011 23:45	0000000000	0000000000	0000000000	0000000000	0000000000	0000000000	00100000	
