030	03/10/2014 00:00	0000000680	0000000000	0000000124	0000000000	0000000000	0000000000	00000000	
031	03/10/2014 00:15	0000000680	0000000000	0000000128	0000000000	0000000000	0000000000	00000000	
032	03/10/2014 00:30	0000000672	0000000000	0000000128	0000000000	0000000000	0000000000	00000000	
033	03/10/2014 00:45	0000000676	0000000000	0000000128	0000000000	0000000000	0000000000	00000000	
034	03/10/2014 01:00	0000000676	0000000000	0000000136	0000000000	0000000000	0000000000	00000000	
031	03/10/2014 00:15	0000000680	0000000000	0000000128	0000000000	0000000000	0000000000	00000000	
032	03/10/2014 00:30	0000000672	0000000000	0000000128	0000000000	0000000000	0000000000	00000000	
033	03/10/2014 00:45	0000000676	0000000000	0000000128	0000000000	0000000000	0000000000	00000000	
034	03/10/2014 01:00	0000000676	0000000000	0000000136	0000000000	0000000000	0000000000	00000000	
035	03/10/2014 01:15	0000000676	0000000000	0000000128	0000000000	0000000000	0000000000	00000000	
036	03/10/2014 01:30	0000000676	0000000000	0000000132	0000000000	0000000000	0000000000	00000000	
037	03/10/2014 01:45	0000000676	0000000000	0000000116	0000000000	0000000000	0000000000	00000000	
038	03/10/2014 02:00	0000000672	0000000000	0000000112	0000000000	0000000000	0000000000	00000000	
039	03/10/2014 02:15	0000000676	0000000000	0000000116	0000000000	0000000000	0000000000	00000000	
0310	03/10/2014 02:30	0000000676	0000000000	0000000116	0000000000	0000000000	0000000000	00000000	
0311	03/10/2014 02:45	0000000676	0000000000	0000000108	0000000000	0000000000	0000000000	00000000	
0312	03/10/2014 03:00	0000000676	0000000000	0000000112	0000000000	0000000000	0000000000	00000000	
0313	03/10/2014 03:15	0000000672	0000000000	0000000128	0000000000	0000000000	0000000000	00000000	
0314	03/10/2014 03:30	0000000676	0000000000	0000000136	0000000000	0000000000	0000000000	00000000	
0315	03/10/2014 03:45	0000000676	0000000000	0000000132	0000000000	0000000000	0000000000	00000000	
0316	03/10/2014 04:00	0000000676	0000000000	0000000132	0000000000	0000000000	0000000000	00000000	
0317	03/10/2014 04:15	0000000676	0000000000	0000000128	0000000000	0000000000	0000000000	00000000	
0318	03/10/2014 04:30	0000000660	0000000000	0000000112	0000000000	0000000000	0000000000	00000000	
0319	03/10/2014 04:45	0000000664	0000000000	0000000112	0000000000	0000000000	0000000000	00000000	
0320	03/10/2014 05:00	0000000656	0000000000	0000000116	0000000000	0000000000	0000000000	00000000	
0321	03/10/2014 05:15	0000000660	0000000000	0000000108	0000000000	0000000000	0000000000	00000000	
0322	03/10/2014 05:30	0000000660	0000000000	0000000108	0000000000	0000000000	0000000000	00000000	
0323	03/10/2014 05:45	0000000660	0000000000	0000000104	0000000000	0000000000	0000000000	00000000	
0324	03/10/2014 06:00	0000000668	0000000000	0000000108	0000000000	0000000000	0000000000	00000000	
0325	03/10/2014 06:15	0000000664	0000000000	0000000100	0000000000	0000000000	0000000000	00000000	
0326	03/10/2014 06:30	0000000736	0000000000	0000000264	0000000000	0000000000	0000000000	00000000	
0327	03/10/2014 06:45	0000000876	0000000000	0000000400	0000000000	0000000000	0000000000	00000000	
0328	03/10/2014 07:00	0000001188	0000000000	0000000396	0000000000	0000000000	0000000000	00000000	
0325	03/10/2014 06:15	0000000664	0000000000	0000000100	0000000000	0000000000	0000000000	00000000	
0326	03/10/2014 06:30	0000000736	0000000000	0000000264	0000000000	0000000000	0000000000	00000000	
0327	03/10/2014 06:45	0000000876	0000000000	0000000400	0000000000	0000000000	0000000000	00000000	
0328	03/10/2014 07:00	0000001188	0000000000	0000000396	0000000000	0000000000	0000000000	00000000	
0329	03/10/2014 07:15	0000001284	0000000000	0000000368	0000000000	0000000000	0000000000	00000000	
0330	03/10/2014 07:30	0000001232	0000000000	0000000384	0000000000	0000000000	0000000000	00000000	
0331	03/10/2014 07:45	0000001148	0000000000	0000000388	0000000000	0000000000	0000000000	00000000	
0332	03/10/2014 08:00	0000001248	0000000000	0000000400	0000000000	0000000000	0000000000	00000000	
0333	03/10/2014 08:15	0000001296	0000000000	0000000380	0000000000	0000000000	0000000000	00000000	
0334	03/10/2014 08:30	0000001280	0000000000	0000000384	0000000000	0000000000	0000000000	00000000	
0335	03/10/2014 08:45	0000001260	0000000000	0000000404	0000000000	0000000000	0000000000	00000000	
0336	03/10/2014 09:00	0000001244	0000000000	0000000420	0000000000	0000000000	0000000000	00000000	
0337	03/10/2014 09:15	0000001260	0000000000	0000000412	0000000000	0000000000	0000000000	00000000	
0338	03/10/2014 09:30	0000001284	0000000000	0000000436	0000000000	0000000000	0000000000	00000000	
0339	03/10/2014 09:45	0000001288	0000000000	0000000420	0000000000	0000000000	0000000000	00000000	
0340	03/10/2014 10:00	0000001268	0000000000	0000000424	0000000000	0000000000	0000000000	00000000	
0341	03/10/2014 10:15	0000001240	0000000000	0000000428	0000000000	0000000000	0000000000	00000000	
0342	03/10/2014 10:30	0000001208	0000000000	0000000412	0000000000	0000000000	0000000000	00000000	
0343	03/10/2014 10:45	0000001264	0000000000	0000000420	0000000000	0000000000	0000000000	00000000	
0344	03/10/2014 11:00	0000001040	0000000000	0000000392	0000000000	0000000000	0000000004	00000000	
0345	03/10/2014 11:15	0000001200	0000000000	0000000500	0000000000	0000000000	0000000000	00000000	
0346	03/10/2014 11:30	0000001260	0000000000	0000000536	0000000000	0000000000	0000000000	00000000	
0347	03/10/2014 11:45	0000001276	0000000000	0000000568	0000000000	0000000000	0000000000	00000000	
0348	03/10/2014 12:00	0000001268	0000000000	0000000564	0000000000	0000000000	0000000000	00000000	
0349	03/10/2014 12:15	0000001276	0000000000	0000000568	0000000000	0000000000	0000000000	00000000	
0350	03/10/2014 12:30	0000001280	0000000000	0000000560	0000000000	0000000000	0000000000	00000000	
0351	03/10/2014 12:45	0000001272	0000000000	0000000548	0000000000	0000000000	0000000000	00000000	
0352	03/10/2014 13:00	0000001272	0000000000	0000000552	0000000000	0000000000	0000000000	00000000	
0353	03/10/2014 13:15	0000001272	0000000000	0000000552	0000000000	0000000000	0000000000	00000000	
0354	03/10/2014 13:30	0000001272	0000000000	0000000556	0000000000	0000000000	0000000000	00000000	
0355	03/10/2014 13:45	0000001288	0000000000	0000000572	0000000000	0000000000	0000000000	00000000	
0356	03/10/2014 14:00	0000001272	0000000000	0000000592	0000000000	0000000000	0000000000	00000000	
0357	03/10/2014 14:15	0000001272	0000000000	0000000584	0000000000	0000000000	0000000000	00000000	
0358	03/10/2014 14:30	0000001256	0000000000	0000000592	0000000000	0000000000	0000000000	00000000	
0359	03/10/2014 14:45	0000001132	0000000000	0000000292	0000000000	0000000000	0000000000	00000000	
0360	03/10/2014 15:00	0000001128	0000000000	0000000260	0000000000	0000000000	0000000000	00000000	
0361	03/10/2014 15:15	0000001132	0000000000	0000000268	0000000000	0000000000	0000000000	00000000	
0362	03/10/2014 15:30	0000001100	0000000000	0000000260	0000000000	0000000000	0000000000	00000000	
0363	03/10/2014 15:45	0000000724	0000000000	0000000144	0000000000	0000000000	0000000000	00000000	
0364	03/10/2014 16:00	0000000704	0000000000	0000000120	0000000000	0000000000	0000000000	00000000	
0365	03/10/2014 16:15	0000000684	0000000000	0000000100	0000000000	0000000000	0000000000	00000000	
0366	03/10/2014 16:30	0000000348	0000000000	0000000068	0000000000	0000000000	0000000004	00000000	
0367	03/10/2014 16:45	0000000424	0000000000	0000000160	0000000000	0000000000	0000000000	00000000	
0368	03/10/2014 17:00	0000000708	0000000000	0000000120	0000000000	0000000000	0000000000	00000000	
0369	03/10/2014 17:15	0000000940	0000000000	0000000212	0000000000	0000000000	0000000000	00000000	
0370	03/10/2014 17:30	0000001080	0000000000	0000000240	0000000000	0000000000	0000000000	00000000	
0371	03/10/2014 17:45	0000001080	0000000000	0000000228	0000000000	0000000000	0000000000	00000000	
0372	03/10/2014 18:00	0000001084	0000000000	0000000236	0000000000	0000000000	0000000000	00000000	
0373	03/10/2014 18:15	0000001076	0000000000	0000000228	0000000000	0000000000	0000000000	00000000	
0374	03/10/2014 18:30	0000001080	0000000000	0000000236	0000000000	0000000000	0000000000	00000000	
0375	03/10/2014 18:45	0000001068	0000000000	0000000220	0000000000	0000000000	0000000000	00000000	
0376	03/10/2014 19:00	0000001068	0000000000	0000000220	0000000000	0000000000	0000000000	00000000	
0377	03/10/2014 19:15	0000001068	0000000000	0000000216	0000000000	0000000000	0000000000	00000000	
0378	03/10/2014 19:30	0000001072	0000000000	0000000220	0000000000	0000000000	0000000000	00000000	
0379	03/10/2014 19:45	0000001068	0000000000	0000000212	0000000000	0000000000	0000000000	00000000	
0380	03/10/2014 20:00	0000001088	0000000000	0000000216	0000000000	0000000000	0000000000	00000000	
0381	03/10/2014 20:15	0000001088	0000000000	0000000212	0000000000	0000000000	0000000000	00000000	
0382	03/10/2014 20:30	0000001120	0000000000	0000000304	0000000000	0000000000	0000000000	00000000	
0383	03/10/2014 20:45	0000001240	0000000000	0000000528	0000000000	0000000000	0000000000	00000000	
0384	03/10/2014 21:00	0000001232	0000000000	0000000524	0000000000	0000000000	0000000000	00000000	
0385	03/10/2014 21:15	0000001212	0000000000	0000000536	0000000000	0000000000	0000000000	00000000	
0386	03/10/2014 21:30	0000001220	0000000000	0000000548	0000000000	0000000000	0000000000	00000000	
0387	03/10/2014 21:45	0000001220	0000000000	0000000560	0000000000	0000000000	0000000000	00000000	
0388	03/10/2014 22:00	0000001220	0000000000	0000000580	0000000000	0000000000	0000000000	00000000	
0389	03/10/2014 22:15	0000001140	0000000000	0000000536	0000000000	0000000000	0000000000	00000000	
0390	03/10/2014 22:30	0000000844	0000000000	0000000472	0000000000	0000000000	0000000000	00000000	
0391	03/10/2014 22:45	0000000824	0000000000	0000000440	0000000000	0000000000	0000000000	00000000	
0392	03/10/2014 23:00	0000000816	0000000000	0000000424	0000000000	0000000000	0000000000	00000000	
0393	03/10/2014 23:15	0000000820	0000000000	0000000420	0000000000	0000000000	0000000000	00000000	
0394	03/10/2014 23:30	0000000820	0000000000	0000000424	0000000000	0000000000	0000000000	00000000	
0395	03/10/2014 23:45	0000000816	0000000000	0000000424	0000000000	0000000000	0000000000	00000000	
