040	04/06/2014 00:00	0000000656	0000000000	0000000168	0000000000	0000000000	0000000000	00000000	
041	04/06/2014 00:15	0000000656	0000000000	0000000164	0000000000	0000000000	0000000000	00000000	
042	04/06/2014 00:30	0000000656	0000000000	0000000156	0000000000	0000000000	0000000000	00000000	
043	04/06/2014 00:45	0000000656	0000000000	0000000148	0000000000	0000000000	0000000000	00000000	
044	04/06/2014 01:00	0000000652	0000000000	0000000156	0000000000	0000000000	0000000000	00000000	
045	04/06/2014 01:15	0000000656	0000000000	0000000156	0000000000	0000000000	0000000000	00000000	
046	04/06/2014 01:30	0000000652	0000000000	0000000156	0000000000	0000000000	0000000000	00000000	
047	04/06/2014 01:45	0000000656	0000000000	0000000156	0000000000	0000000000	0000000000	00000000	
048	04/06/2014 02:00	0000000660	0000000000	0000000172	0000000000	0000000000	0000000000	00000000	
049	04/06/2014 02:15	0000000648	0000000000	0000000160	0000000000	0000000000	0000000000	00000000	
0410	04/06/2014 02:30	0000000660	0000000000	0000000168	0000000000	0000000000	0000000000	00000000	
0411	04/06/2014 02:45	0000000652	0000000000	0000000160	0000000000	0000000000	0000000000	00000000	
0412	04/06/2014 03:00	0000000664	0000000000	0000000176	0000000000	0000000000	0000000000	00000000	
0413	04/06/2014 03:15	0000000652	0000000000	0000000164	0000000000	0000000000	0000000000	00000000	
0414	04/06/2014 03:30	0000000656	0000000000	0000000168	0000000000	0000000000	0000000000	00000000	
0415	04/06/2014 03:45	0000000652	0000000000	0000000160	0000000000	0000000000	0000000000	00000000	
0416	04/06/2014 04:00	0000000660	0000000000	0000000168	0000000000	0000000000	0000000000	00000000	
0417	04/06/2014 04:15	0000000656	0000000000	0000000160	0000000000	0000000000	0000000000	00000000	
0418	04/06/2014 04:30	0000000660	0000000000	0000000168	0000000000	0000000000	0000000000	00000000	
0419	04/06/2014 04:45	0000000656	0000000000	0000000160	0000000000	0000000000	0000000000	00000000	
0420	04/06/2014 05:00	0000000652	0000000000	0000000164	0000000000	0000000000	0000000000	00000000	
0421	04/06/2014 05:15	0000000656	0000000000	0000000156	0000000000	0000000000	0000000000	00000000	
0422	04/06/2014 05:30	0000000656	0000000000	0000000160	0000000000	0000000000	0000000000	00000000	
0423	04/06/2014 05:45	0000000656	0000000000	0000000152	0000000000	0000000000	0000000000	00000000	
0424	04/06/2014 06:00	0000000668	0000000000	0000000164	0000000000	0000000000	0000000000	00000000	
0425	04/06/2014 06:15	0000000672	0000000000	0000000164	0000000000	0000000000	0000000000	00000000	
0426	04/06/2014 06:30	0000000676	0000000000	0000000164	0000000000	0000000000	0000000000	00000000	
0427	04/06/2014 06:45	0000000872	0000000000	0000000400	0000000000	0000000000	0000000000	00000000	
0428	04/06/2014 07:00	0000001288	0000000000	0000000420	0000000000	0000000000	0000000000	00000000	
0429	04/06/2014 07:15	0000001276	0000000000	0000000392	0000000000	0000000000	0000000000	00000000	
0430	04/06/2014 07:30	0000001300	0000000000	0000000384	0000000000	0000000000	0000000000	00000000	
0431	04/06/2014 07:45	0000001216	0000000000	0000000360	0000000000	0000000000	0000000000	00000000	
0432	04/06/2014 08:00	0000001276	0000000000	0000000372	0000000000	0000000000	0000000000	00000000	
0433	04/06/2014 08:15	0000001172	0000000000	0000000348	0000000000	0000000000	0000000000	00000000	
0434	04/06/2014 08:30	0000001228	0000000000	0000000340	0000000000	0000000000	0000000000	00000000	
0435	04/06/2014 08:45	0000001004	0000000000	0000000352	0000000000	0000000000	0000000000	00000000	
0436	04/06/2014 09:00	0000000864	0000000000	0000000384	0000000000	0000000000	0000000000	00000000	
0437	04/06/2014 09:15	0000000820	0000000000	0000000364	0000000000	0000000000	0000000000	00000000	
0438	04/06/2014 09:30	0000000808	0000000000	0000000348	0000000000	0000000000	0000000000	00000000	
0439	04/06/2014 09:45	0000000816	0000000000	0000000412	0000000000	0000000000	0000000000	00000000	
0440	04/06/2014 10:00	0000000824	0000000000	0000000416	0000000000	0000000000	0000000000	00000000	
0441	04/06/2014 10:15	0000000824	0000000000	0000000428	0000000000	0000000000	0000000000	00000000	
0442	04/06/2014 10:30	0000000820	0000000000	0000000416	0000000000	0000000000	0000000000	00000000	
0443	04/06/2014 10:45	0000000812	0000000000	0000000408	0000000000	0000000000	0000000000	00000000	
0444	04/06/2014 11:00	0000000816	0000000000	0000000400	0000000000	0000000000	0000000000	00000000	
0445	04/06/2014 11:15	0000000820	0000000000	0000000416	0000000000	0000000000	0000000000	00000000	
0446	04/06/2014 11:30	0000000824	0000000000	0000000420	0000000000	0000000000	0000000000	00000000	
0447	04/06/2014 11:45	0000000828	0000000000	0000000432	0000000000	0000000000	0000000000	00000000	
0448	04/06/2014 12:00	0000000824	0000000000	0000000424	0000000000	0000000000	0000000000	00000000	
0449	04/06/2014 12:15	0000000824	0000000000	0000000436	0000000000	0000000000	0000000000	00000000	
0450	04/06/2014 12:30	0000000832	0000000000	0000000432	0000000000	0000000000	0000000000	00000000	
0451	04/06/2014 12:45	0000000828	0000000000	0000000436	0000000000	0000000000	0000000000	00000000	
0452	04/06/2014 13:00	0000000816	0000000000	0000000432	0000000000	0000000000	0000000000	00000000	
0453	04/06/2014 13:15	0000000832	0000000000	0000000448	0000000000	0000000000	0000000000	00000000	
0454	04/06/2014 13:30	0000000824	0000000000	0000000436	0000000000	0000000000	0000000000	00000000	
0455	04/06/2014 13:45	0000000828	0000000000	0000000448	0000000000	0000000000	0000000000	00000000	
0456	04/06/2014 14:00	0000000828	0000000000	0000000404	0000000000	0000000000	0000000000	00000000	
0457	04/06/2014 14:15	0000000824	0000000000	0000000412	0000000000	0000000000	0000000000	00000000	
0458	04/06/2014 14:30	0000000812	0000000000	0000000384	0000000000	0000000000	0000000000	00000000	
0459	04/06/2014 14:45	0000000820	0000000000	0000000400	0000000000	0000000000	0000000000	00000000	
0460	04/06/2014 15:00	0000000816	0000000000	0000000408	0000000000	0000000000	0000000000	00000000	
0461	04/06/2014 15:15	0000000828	0000000000	0000000416	0000000000	0000000000	0000000000	00000000	
0462	04/06/2014 15:30	0000000776	0000000000	0000000344	0000000000	0000000000	0000000000	00000000	
0463	04/06/2014 15:45	0000000688	0000000000	0000000096	0000000000	0000000000	0000000000	00000000	
0464	04/06/2014 16:00	0000000696	0000000000	0000000100	0000000000	0000000000	0000000000	00000000	
0465	04/06/2014 16:15	0000000696	0000000000	0000000096	0000000000	0000000000	0000000000	00000000	
0466	04/06/2014 16:30	0000000688	0000000000	0000000080	0000000000	0000000000	0000000000	00000000	
0467	04/06/2014 16:45	0000000696	0000000000	0000000080	0000000000	0000000000	0000000000	00000000	
0468	04/06/2014 17:00	0000000680	0000000000	0000000072	0000000000	0000000000	0000000000	00000000	
0469	04/06/2014 17:15	0000000684	0000000000	0000000072	0000000000	0000000000	0000000000	00000000	
0470	04/06/2014 17:30	0000000688	0000000000	0000000072	0000000000	0000000000	0000000000	00000000	
0471	04/06/2014 17:45	0000000680	0000000000	0000000064	0000000000	0000000000	0000000000	00000000	
0472	04/06/2014 18:00	0000000684	0000000000	0000000068	0000000000	0000000000	0000000000	00000000	
0473	04/06/2014 18:15	0000000688	0000000000	0000000064	0000000000	0000000000	0000000000	00000000	
0474	04/06/2014 18:30	0000000680	0000000000	0000000060	0000000000	0000000000	0000000000	00000000	
0475	04/06/2014 18:45	0000000680	0000000000	0000000080	0000000000	0000000000	0000000000	00000000	
0476	04/06/2014 19:00	0000000684	0000000000	0000000084	0000000000	0000000000	0000000000	00000000	
0477	04/06/2014 19:15	0000000680	0000000000	0000000080	0000000000	0000000000	0000000000	00000000	
0478	04/06/2014 19:30	0000000676	0000000000	0000000080	0000000000	0000000000	0000000000	00000000	
0479	04/06/2014 19:45	0000000680	0000000000	0000000076	0000000000	0000000000	0000000000	00000000	
0480	04/06/2014 20:00	0000000684	0000000000	0000000084	0000000000	0000000000	0000000000	00000000	
0481	04/06/2014 20:15	0000000684	0000000000	0000000088	0000000000	0000000000	0000000000	00000000	
0482	04/06/2014 20:30	0000000680	0000000000	0000000084	0000000000	0000000000	0000000000	00000000	
0483	04/06/2014 20:45	0000000684	0000000000	0000000080	0000000000	0000000000	0000000000	00000000	
0484	04/06/2014 21:00	0000000680	0000000000	0000000084	0000000000	0000000000	0000000000	00000000	
0485	04/06/2014 21:15	0000000688	0000000000	0000000088	0000000000	0000000000	0000000000	00000000	
0486	04/06/2014 21:30	0000000680	0000000000	0000000080	0000000000	0000000000	0000000000	00000000	
0487	04/06/2014 21:45	0000000696	0000000000	0000000104	0000000000	0000000000	0000000000	00000000	
0488	04/06/2014 22:00	0000000692	0000000000	0000000092	0000000000	0000000000	0000000000	00000000	
0489	04/06/2014 22:15	0000000664	0000000000	0000000064	0000000000	0000000000	0000000000	00000000	
0490	04/06/2014 22:30	0000000660	0000000000	0000000072	0000000000	0000000000	0000000000	00000000	
0491	04/06/2014 22:45	0000000664	0000000000	0000000072	0000000000	0000000000	0000000000	00000000	
0492	04/06/2014 23:00	0000000656	0000000000	0000000080	0000000000	0000000000	0000000000	00000000	
0493	04/06/2014 23:15	0000000656	0000000000	0000000076	0000000000	0000000000	0000000000	00000000	
0494	04/06/2014 23:30	0000000656	0000000000	0000000076	0000000000	0000000000	0000000000	00000000	
0495	04/06/2014 23:45	0000000588	0000000000	0000000076	0000000000	0000000000	0000000004	00000000	
