110	11/05/2014 00:00	0000000657	0000000000	0000000138	0000000000	0000000000	0000000000	00000000	
114	11/05/2014 01:00	0000000657	0000000000	0000000143	0000000000	0000000000	0000000000	00000000	
118	11/05/2014 02:00	0000000657	0000000000	0000000141	0000000000	0000000000	0000000000	00000000	
1112	11/05/2014 03:00	0000000655	0000000000	0000000138	0000000000	0000000000	0000000000	00000000	
1116	11/05/2014 04:00	0000000657	0000000000	0000000145	0000000000	0000000000	0000000000	00000000	
1120	11/05/2014 05:00	0000000657	0000000000	0000000149	0000000000	0000000000	0000000000	00000000	
1124	11/05/2014 06:00	0000000661	0000000000	0000000153	0000000000	0000000000	0000000000	00000000	
1128	11/05/2014 07:00	0000000668	0000000000	0000000158	0000000000	0000000000	0000000000	00000000	
1132	11/05/2014 08:00	0000000655	0000000000	0000000160	0000000000	0000000000	0000000000	00000000	
1136	11/05/2014 09:00	0000000654	0000000000	0000000149	0000000000	0000000000	0000000000	00000000	
1140	11/05/2014 10:00	0000000651	0000000000	0000000137	0000000000	0000000000	0000000000	00000000	
1144	11/05/2014 11:00	0000000650	0000000000	0000000126	0000000000	0000000000	0000000000	00000000	
1148	11/05/2014 12:00	0000000651	0000000000	0000000127	0000000000	0000000000	0000000000	00000000	
1152	11/05/2014 13:00	0000000649	0000000000	0000000124	0000000000	0000000000	0000000000	00000000	
1156	11/05/2014 14:00	0000000650	0000000000	0000000121	0000000000	0000000000	0000000000	00000000	
1160	11/05/2014 15:00	0000000650	0000000000	0000000129	0000000000	0000000000	0000000000	00000000	
1164	11/05/2014 16:00	0000000654	0000000000	0000000141	0000000000	0000000000	0000000000	00000000	
1168	11/05/2014 17:00	0000000654	0000000000	0000000150	0000000000	0000000000	0000000000	00000000	
1172	11/05/2014 18:00	0000000650	0000000000	0000000152	0000000000	0000000000	0000000000	00000000	
1176	11/05/2014 19:00	0000000647	0000000000	0000000148	0000000000	0000000000	0000000000	00000000	
1180	11/05/2014 20:00	0000000647	0000000000	0000000150	0000000000	0000000000	0000000000	00000000	
1184	11/05/2014 21:00	0000000645	0000000000	0000000152	0000000000	0000000000	0000000000	00000000	
1188	11/05/2014 22:00	0000000654	0000000000	0000000137	0000000000	0000000000	0000000000	00000000	
1192	11/05/2014 23:00	0000000651	0000000000	0000000122	0000000000	0000000000	0000000000	00000000	
110	11/05/2014 00:00	0000000656	0000000000	0000000140	0000000000	0000000000	0000000000	00000000	
111	11/05/2014 00:15	0000000656	0000000000	0000000144	0000000000	0000000000	0000000000	00000000	
112	11/05/2014 00:30	0000000656	0000000000	0000000140	0000000000	0000000000	0000000000	00000000	
113	11/05/2014 00:45	0000000660	0000000000	0000000144	0000000000	0000000000	0000000000	00000000	
114	11/05/2014 01:00	0000000656	0000000000	0000000144	0000000000	0000000000	0000000000	00000000	
115	11/05/2014 01:15	0000000656	0000000000	0000000144	0000000000	0000000000	0000000000	00000000	
116	11/05/2014 01:30	0000000656	0000000000	0000000144	0000000000	0000000000	0000000000	00000000	
117	11/05/2014 01:45	0000000660	0000000000	0000000144	0000000000	0000000000	0000000000	00000000	
118	11/05/2014 02:00	0000000656	0000000000	0000000132	0000000000	0000000000	0000000000	00000000	
119	11/05/2014 02:15	0000000652	0000000000	0000000136	0000000000	0000000000	0000000000	00000000	
1110	11/05/2014 02:30	0000000652	0000000000	0000000136	0000000000	0000000000	0000000000	00000000	
1111	11/05/2014 02:45	0000000664	0000000000	0000000140	0000000000	0000000000	0000000000	00000000	
1112	11/05/2014 03:00	0000000652	0000000000	0000000140	0000000000	0000000000	0000000000	00000000	
1113	11/05/2014 03:15	0000000656	0000000000	0000000144	0000000000	0000000000	0000000000	00000000	
1114	11/05/2014 03:30	0000000656	0000000000	0000000140	0000000000	0000000000	0000000000	00000000	
1115	11/05/2014 03:45	0000000660	0000000000	0000000148	0000000000	0000000000	0000000000	00000000	
1116	11/05/2014 04:00	0000000656	0000000000	0000000148	0000000000	0000000000	0000000000	00000000	
1117	11/05/2014 04:15	0000000656	0000000000	0000000148	0000000000	0000000000	0000000000	00000000	
1118	11/05/2014 04:30	0000000656	0000000000	0000000148	0000000000	0000000000	0000000000	00000000	
1119	11/05/2014 04:45	0000000660	0000000000	0000000148	0000000000	0000000000	0000000000	00000000	
1120	11/05/2014 05:00	0000000656	0000000000	0000000152	0000000000	0000000000	0000000000	00000000	
1121	11/05/2014 05:15	0000000656	0000000000	0000000148	0000000000	0000000000	0000000000	00000000	
1122	11/05/2014 05:30	0000000652	0000000000	0000000152	0000000000	0000000000	0000000000	00000000	
1123	11/05/2014 05:45	0000000668	0000000000	0000000152	0000000000	0000000000	0000000000	00000000	
1124	11/05/2014 06:00	0000000668	0000000000	0000000160	0000000000	0000000000	0000000000	00000000	
1125	11/05/2014 06:15	0000000668	0000000000	0000000156	0000000000	0000000000	0000000000	00000000	
1126	11/05/2014 06:30	0000000664	0000000000	0000000156	0000000000	0000000000	0000000000	00000000	
1127	11/05/2014 06:45	0000000668	0000000000	0000000160	0000000000	0000000000	0000000000	00000000	
1128	11/05/2014 07:00	0000000672	0000000000	0000000160	0000000000	0000000000	0000000000	00000000	
1129	11/05/2014 07:15	0000000652	0000000000	0000000152	0000000000	0000000000	0000000000	00000000	
1130	11/05/2014 07:30	0000000656	0000000000	0000000160	0000000000	0000000000	0000000000	00000000	
1131	11/05/2014 07:45	0000000652	0000000000	0000000160	0000000000	0000000000	0000000000	00000000	
1132	11/05/2014 08:00	0000000660	0000000000	0000000168	0000000000	0000000000	0000000000	00000000	
1133	11/05/2014 08:15	0000000656	0000000000	0000000156	0000000000	0000000000	0000000000	00000000	
1134	11/05/2014 08:30	0000000652	0000000000	0000000148	0000000000	0000000000	0000000000	00000000	
1135	11/05/2014 08:45	0000000652	0000000000	0000000144	0000000000	0000000000	0000000000	00000000	
1136	11/05/2014 09:00	0000000656	0000000000	0000000148	0000000000	0000000000	0000000000	00000000	
1137	11/05/2014 09:15	0000000648	0000000000	0000000132	0000000000	0000000000	0000000000	00000000	
1138	11/05/2014 09:30	0000000656	0000000000	0000000148	0000000000	0000000000	0000000000	00000000	
1139	11/05/2014 09:45	0000000644	0000000000	0000000132	0000000000	0000000000	0000000000	00000000	
1140	11/05/2014 10:00	0000000656	0000000000	0000000136	0000000000	0000000000	0000000000	00000000	
1141	11/05/2014 10:15	0000000648	0000000000	0000000124	0000000000	0000000000	0000000000	00000000	
1142	11/05/2014 10:30	0000000652	0000000000	0000000128	0000000000	0000000000	0000000000	00000000	
1143	11/05/2014 10:45	0000000648	0000000000	0000000124	0000000000	0000000000	0000000000	00000000	
1144	11/05/2014 11:00	0000000652	0000000000	0000000128	0000000000	0000000000	0000000000	00000000	
1145	11/05/2014 11:15	0000000648	0000000000	0000000120	0000000000	0000000000	0000000000	00000000	
1146	11/05/2014 11:30	0000000652	0000000000	0000000132	0000000000	0000000000	0000000000	00000000	
1147	11/05/2014 11:45	0000000648	0000000000	0000000128	0000000000	0000000000	0000000000	00000000	
1148	11/05/2014 12:00	0000000656	0000000000	0000000128	0000000000	0000000000	0000000000	00000000	
1149	11/05/2014 12:15	0000000648	0000000000	0000000124	0000000000	0000000000	0000000000	00000000	
1150	11/05/2014 12:30	0000000648	0000000000	0000000124	0000000000	0000000000	0000000000	00000000	
1151	11/05/2014 12:45	0000000648	0000000000	0000000124	0000000000	0000000000	0000000000	00000000	
1152	11/05/2014 13:00	0000000652	0000000000	0000000124	0000000000	0000000000	0000000000	00000000	
1153	11/05/2014 13:15	0000000652	0000000000	0000000124	0000000000	0000000000	0000000000	00000000	
1154	11/05/2014 13:30	0000000648	0000000000	0000000120	0000000000	0000000000	0000000000	00000000	
1155	11/05/2014 13:45	0000000648	0000000000	0000000120	0000000000	0000000000	0000000000	00000000	
1156	11/05/2014 14:00	0000000652	0000000000	0000000120	0000000000	0000000000	0000000000	00000000	
1157	11/05/2014 14:15	0000000652	0000000000	0000000124	0000000000	0000000000	0000000000	00000000	
1158	11/05/2014 14:30	0000000652	0000000000	0000000128	0000000000	0000000000	0000000000	00000000	
1159	11/05/2014 14:45	0000000648	0000000000	0000000128	0000000000	0000000000	0000000000	00000000	
1160	11/05/2014 15:00	0000000648	0000000000	0000000136	0000000000	0000000000	0000000000	00000000	
1161	11/05/2014 15:15	0000000656	0000000000	0000000140	0000000000	0000000000	0000000000	00000000	
1162	11/05/2014 15:30	0000000652	0000000000	0000000136	0000000000	0000000000	0000000000	00000000	
1163	11/05/2014 15:45	0000000652	0000000000	0000000144	0000000000	0000000000	0000000000	00000000	
1164	11/05/2014 16:00	0000000656	0000000000	0000000144	0000000000	0000000000	0000000000	00000000	
1165	11/05/2014 16:15	0000000652	0000000000	0000000148	0000000000	0000000000	0000000000	00000000	
1166	11/05/2014 16:30	0000000656	0000000000	0000000152	0000000000	0000000000	0000000000	00000000	
1167	11/05/2014 16:45	0000000652	0000000000	0000000152	0000000000	0000000000	0000000000	00000000	
1168	11/05/2014 17:00	0000000656	0000000000	0000000148	0000000000	0000000000	0000000000	00000000	
1169	11/05/2014 17:15	0000000652	0000000000	0000000156	0000000000	0000000000	0000000000	00000000	
1170	11/05/2014 17:30	0000000648	0000000000	0000000152	0000000000	0000000000	0000000000	00000000	
1171	11/05/2014 17:45	0000000652	0000000000	0000000152	0000000000	0000000000	0000000000	00000000	
1172	11/05/2014 18:00	0000000648	0000000000	0000000148	0000000000	0000000000	0000000000	00000000	
1173	11/05/2014 18:15	0000000648	0000000000	0000000148	0000000000	0000000000	0000000000	00000000	
1174	11/05/2014 18:30	0000000648	0000000000	0000000144	0000000000	0000000000	0000000000	00000000	
1175	11/05/2014 18:45	0000000648	0000000000	0000000152	0000000000	0000000000	0000000000	00000000	
1176	11/05/2014 19:00	0000000644	0000000000	0000000148	0000000000	0000000000	0000000000	00000000	
1177	11/05/2014 19:15	0000000652	0000000000	0000000152	0000000000	0000000000	0000000000	00000000	
1178	11/05/2014 19:30	0000000644	0000000000	0000000148	0000000000	0000000000	0000000000	00000000	
1179	11/05/2014 19:45	0000000648	0000000000	0000000152	0000000000	0000000000	0000000000	00000000	
1180	11/05/2014 20:00	0000000644	0000000000	0000000148	0000000000	0000000000	0000000000	00000000	
1181	11/05/2014 20:15	0000000644	0000000000	0000000152	0000000000	0000000000	0000000000	00000000	
1182	11/05/2014 20:30	0000000648	0000000000	0000000156	0000000000	0000000000	0000000000	00000000	
1183	11/05/2014 20:45	0000000644	0000000000	0000000156	0000000000	0000000000	0000000000	00000000	
1184	11/05/2014 21:00	0000000644	0000000000	0000000144	0000000000	0000000000	0000000000	00000000	
1185	11/05/2014 21:15	0000000640	0000000000	0000000140	0000000000	0000000000	0000000000	00000000	
1186	11/05/2014 21:30	0000000660	0000000000	0000000140	0000000000	0000000000	0000000000	00000000	
1187	11/05/2014 21:45	0000000660	0000000000	0000000140	0000000000	0000000000	0000000000	00000000	
1188	11/05/2014 22:00	0000000656	0000000000	0000000128	0000000000	0000000000	0000000000	00000000	
1189	11/05/2014 22:15	0000000652	0000000000	0000000128	0000000000	0000000000	0000000000	00000000	
1190	11/05/2014 22:30	0000000656	0000000000	0000000120	0000000000	0000000000	0000000000	00000000	
1191	11/05/2014 22:45	0000000648	0000000000	0000000120	0000000000	0000000000	0000000000	00000000	
1192	11/05/2014 23:00	0000000648	0000000000	0000000120	0000000000	0000000000	0000000000	00000000	
1193	11/05/2014 23:15	0000000640	0000000000	0000000116	0000000000	0000000000	0000000000	00000000	
1194	11/05/2014 23:30	0000000648	0000000000	0000000124	0000000000	0000000000	0000000000	00000000	
1195	11/05/2014 23:45	0000000648	0000000000	0000000132	0000000000	0000000000	0000000000	00000000	
