150	15/05/2014 00:00	0000000684	0000000000	0000000142	0000000000	0000000000	0000000000	00000000	
154	15/05/2014 01:00	0000000683	0000000000	0000000136	0000000000	0000000000	0000000000	00000000	
158	15/05/2014 02:00	0000000684	0000000000	0000000132	0000000000	0000000000	0000000000	00000000	
1512	15/05/2014 03:00	0000000682	0000000000	0000000136	0000000000	0000000000	0000000000	00000000	
1516	15/05/2014 04:00	0000000682	0000000000	0000000141	0000000000	0000000000	0000000000	00000000	
1520	15/05/2014 05:00	0000000681	0000000000	0000000144	0000000000	0000000000	0000000000	00000000	
1524	15/05/2014 06:00	0000000684	0000000000	0000000138	0000000000	0000000000	0000000000	00000000	
1528	15/05/2014 07:00	0000000796	0000000000	0000000289	0000000000	0000000000	0000000000	00000000	
1532	15/05/2014 08:00	0000000840	0000000000	0000000374	0000000000	0000000000	0000000000	00000000	
1536	15/05/2014 09:00	0000000848	0000000000	0000000418	0000000000	0000000000	0000000000	00000000	
1540	15/05/2014 10:00	0000001185	0000000000	0000000438	0000000000	0000000000	0000000000	00000000	
1544	15/05/2014 11:00	0000001260	0000000000	0000000480	0000000000	0000000000	0000000000	00000000	
1548	15/05/2014 12:00	0000001249	0000000000	0000000541	0000000000	0000000000	0000000000	00000000	
1552	15/05/2014 13:00	0000001286	0000000000	0000000573	0000000000	0000000000	0000000000	00000000	
1556	15/05/2014 14:00	0000001160	0000000000	0000000537	0000000000	0000000000	0000000000	00000000	
1560	15/05/2014 15:00	0000000836	0000000000	0000000367	0000000000	0000000000	0000000000	00000000	
1564	15/05/2014 16:00	0000000833	0000000000	0000000357	0000000000	0000000000	0000000000	00000000	
1568	15/05/2014 17:00	0000000752	0000000000	0000000254	0000000000	0000000000	0000000000	00000000	
1572	15/05/2014 18:00	0000000839	0000000000	0000000313	0000000000	0000000000	0000000000	00000000	
1576	15/05/2014 19:00	0000000858	0000000000	0000000352	0000000000	0000000000	0000000000	00000000	
1580	15/05/2014 20:00	0000000814	0000000000	0000000357	0000000000	0000000000	0000000000	00000000	
1584	15/05/2014 21:00	0000000723	0000000000	0000000163	0000000000	0000000000	0000000000	00000000	
1588	15/05/2014 22:00	0000000705	0000000000	0000000132	0000000000	0000000000	0000000000	00000000	
1592	15/05/2014 23:00	0000000676	0000000000	0000000141	0000000000	0000000000	0000000000	00000000	
150	15/05/2014 00:00	0000000684	0000000000	0000000156	0000000000	0000000000	0000000000	00000000	
151	15/05/2014 00:15	0000000680	0000000000	0000000148	0000000000	0000000000	0000000000	00000000	
152	15/05/2014 00:30	0000000688	0000000000	0000000132	0000000000	0000000000	0000000000	00000000	
153	15/05/2014 00:45	0000000684	0000000000	0000000136	0000000000	0000000000	0000000000	00000000	
154	15/05/2014 01:00	0000000680	0000000000	0000000128	0000000000	0000000000	0000000000	00000000	
155	15/05/2014 01:15	0000000680	0000000000	0000000128	0000000000	0000000000	0000000000	00000000	
156	15/05/2014 01:30	0000000688	0000000000	0000000132	0000000000	0000000000	0000000000	00000000	
157	15/05/2014 01:45	0000000680	0000000000	0000000132	0000000000	0000000000	0000000000	00000000	
158	15/05/2014 02:00	0000000688	0000000000	0000000136	0000000000	0000000000	0000000000	00000000	
159	15/05/2014 02:15	0000000680	0000000000	0000000132	0000000000	0000000000	0000000000	00000000	
1510	15/05/2014 02:30	0000000684	0000000000	0000000136	0000000000	0000000000	0000000000	00000000	
1511	15/05/2014 02:45	0000000680	0000000000	0000000136	0000000000	0000000000	0000000000	00000000	
1512	15/05/2014 03:00	0000000684	0000000000	0000000140	0000000000	0000000000	0000000000	00000000	
1513	15/05/2014 03:15	0000000680	0000000000	0000000136	0000000000	0000000000	0000000000	00000000	
1514	15/05/2014 03:30	0000000684	0000000000	0000000144	0000000000	0000000000	0000000000	00000000	
1515	15/05/2014 03:45	0000000680	0000000000	0000000140	0000000000	0000000000	0000000000	00000000	
1516	15/05/2014 04:00	0000000684	0000000000	0000000144	0000000000	0000000000	0000000000	00000000	
1517	15/05/2014 04:15	0000000672	0000000000	0000000140	0000000000	0000000000	0000000000	00000000	
1518	15/05/2014 04:30	0000000688	0000000000	0000000148	0000000000	0000000000	0000000000	00000000	
1519	15/05/2014 04:45	0000000676	0000000000	0000000140	0000000000	0000000000	0000000000	00000000	
1520	15/05/2014 05:00	0000000688	0000000000	0000000148	0000000000	0000000000	0000000000	00000000	
1521	15/05/2014 05:15	0000000680	0000000000	0000000136	0000000000	0000000000	0000000000	00000000	
1522	15/05/2014 05:30	0000000684	0000000000	0000000136	0000000000	0000000000	0000000000	00000000	
1523	15/05/2014 05:45	0000000680	0000000000	0000000136	0000000000	0000000000	0000000000	00000000	
1524	15/05/2014 06:00	0000000692	0000000000	0000000144	0000000000	0000000000	0000000000	00000000	
1525	15/05/2014 06:15	0000000692	0000000000	0000000132	0000000000	0000000000	0000000000	00000000	
1526	15/05/2014 06:30	0000000760	0000000000	0000000240	0000000000	0000000000	0000000000	00000000	
1527	15/05/2014 06:45	0000000868	0000000000	0000000388	0000000000	0000000000	0000000000	00000000	
1528	15/05/2014 07:00	0000000864	0000000000	0000000396	0000000000	0000000000	0000000000	00000000	
1529	15/05/2014 07:15	0000000852	0000000000	0000000384	0000000000	0000000000	0000000000	00000000	
1530	15/05/2014 07:30	0000000812	0000000000	0000000364	0000000000	0000000000	0000000000	00000000	
1531	15/05/2014 07:45	0000000840	0000000000	0000000372	0000000000	0000000000	0000000000	00000000	
1532	15/05/2014 08:00	0000000856	0000000000	0000000376	0000000000	0000000000	0000000000	00000000	
1533	15/05/2014 08:15	0000000848	0000000000	0000000356	0000000000	0000000000	0000000000	00000000	
1534	15/05/2014 08:30	0000000852	0000000000	0000000392	0000000000	0000000000	0000000000	00000000	
1535	15/05/2014 08:45	0000000848	0000000000	0000000444	0000000000	0000000000	0000000000	00000000	
1536	15/05/2014 09:00	0000000844	0000000000	0000000480	0000000000	0000000000	0000000000	00000000	
1537	15/05/2014 09:15	0000001192	0000000000	0000000508	0000000000	0000000000	0000000000	00000000	
1538	15/05/2014 09:30	0000001184	0000000000	0000000376	0000000000	0000000000	0000000000	00000000	
1539	15/05/2014 09:45	0000001040	0000000000	0000000384	0000000000	0000000000	0000000000	00000000	
1540	15/05/2014 10:00	0000001324	0000000000	0000000484	0000000000	0000000000	0000000000	00000000	
1541	15/05/2014 10:15	0000001324	0000000000	0000000500	0000000000	0000000000	0000000000	00000000	
1542	15/05/2014 10:30	0000001308	0000000000	0000000492	0000000000	0000000000	0000000000	00000000	
1543	15/05/2014 10:45	0000001296	0000000000	0000000476	0000000000	0000000000	0000000000	00000000	
1544	15/05/2014 11:00	0000001112	0000000000	0000000452	0000000000	0000000000	0000000000	00000000	
1545	15/05/2014 11:15	0000001144	0000000000	0000000488	0000000000	0000000000	0000000000	00000000	
1546	15/05/2014 11:30	0000001292	0000000000	0000000556	0000000000	0000000000	0000000000	00000000	
1547	15/05/2014 11:45	0000001284	0000000000	0000000564	0000000000	0000000000	0000000000	00000000	
1548	15/05/2014 12:00	0000001276	0000000000	0000000556	0000000000	0000000000	0000000000	00000000	
1549	15/05/2014 12:15	0000001292	0000000000	0000000576	0000000000	0000000000	0000000000	00000000	
1550	15/05/2014 12:30	0000001284	0000000000	0000000568	0000000000	0000000000	0000000000	00000000	
1551	15/05/2014 12:45	0000001284	0000000000	0000000576	0000000000	0000000000	0000000000	00000000	
1552	15/05/2014 13:00	0000001284	0000000000	0000000572	0000000000	0000000000	0000000000	00000000	
1553	15/05/2014 13:15	0000001280	0000000000	0000000564	0000000000	0000000000	0000000000	00000000	
1554	15/05/2014 13:30	0000001280	0000000000	0000000576	0000000000	0000000000	0000000000	00000000	
1555	15/05/2014 13:45	0000001212	0000000000	0000000568	0000000000	0000000000	0000000000	00000000	
1556	15/05/2014 14:00	0000000868	0000000000	0000000440	0000000000	0000000000	0000000000	00000000	
1557	15/05/2014 14:15	0000000836	0000000000	0000000396	0000000000	0000000000	0000000000	00000000	
1558	15/05/2014 14:30	0000000824	0000000000	0000000344	0000000000	0000000000	0000000000	00000000	
1559	15/05/2014 14:45	0000000840	0000000000	0000000364	0000000000	0000000000	0000000000	00000000	
1560	15/05/2014 15:00	0000000844	0000000000	0000000364	0000000000	0000000000	0000000000	00000000	
1561	15/05/2014 15:15	0000000844	0000000000	0000000364	0000000000	0000000000	0000000000	00000000	
1562	15/05/2014 15:30	0000000844	0000000000	0000000356	0000000000	0000000000	0000000000	00000000	
1563	15/05/2014 15:45	0000000840	0000000000	0000000356	0000000000	0000000000	0000000000	00000000	
1564	15/05/2014 16:00	0000000804	0000000000	0000000352	0000000000	0000000000	0000000000	00000000	
1565	15/05/2014 16:15	0000000784	0000000000	0000000348	0000000000	0000000000	0000000000	00000000	
1566	15/05/2014 16:30	0000000752	0000000000	0000000272	0000000000	0000000000	0000000000	00000000	
1567	15/05/2014 16:45	0000000760	0000000000	0000000276	0000000000	0000000000	0000000000	00000000	
1568	15/05/2014 17:00	0000000712	0000000000	0000000120	0000000000	0000000000	0000000000	00000000	
1569	15/05/2014 17:15	0000000780	0000000000	0000000232	0000000000	0000000000	0000000000	00000000	
1570	15/05/2014 17:30	0000000856	0000000000	0000000324	0000000000	0000000000	0000000000	00000000	
1571	15/05/2014 17:45	0000000860	0000000000	0000000348	0000000000	0000000000	0000000000	00000000	
1572	15/05/2014 18:00	0000000860	0000000000	0000000348	0000000000	0000000000	0000000000	00000000	
1573	15/05/2014 18:15	0000000860	0000000000	0000000352	0000000000	0000000000	0000000000	00000000	
1574	15/05/2014 18:30	0000000860	0000000000	0000000348	0000000000	0000000000	0000000000	00000000	
1575	15/05/2014 18:45	0000000856	0000000000	0000000352	0000000000	0000000000	0000000000	00000000	
1576	15/05/2014 19:00	0000000856	0000000000	0000000356	0000000000	0000000000	0000000000	00000000	
1577	15/05/2014 19:15	0000000872	0000000000	0000000364	0000000000	0000000000	0000000000	00000000	
1578	15/05/2014 19:30	0000000836	0000000000	0000000360	0000000000	0000000000	0000000000	00000000	
1579	15/05/2014 19:45	0000000780	0000000000	0000000352	0000000000	0000000000	0000000000	00000000	
1580	15/05/2014 20:00	0000000768	0000000000	0000000352	0000000000	0000000000	0000000000	00000000	
1581	15/05/2014 20:15	0000000764	0000000000	0000000328	0000000000	0000000000	0000000000	00000000	
1582	15/05/2014 20:30	0000000704	0000000000	0000000076	0000000000	0000000000	0000000000	00000000	
1583	15/05/2014 20:45	0000000724	0000000000	0000000112	0000000000	0000000000	0000000000	00000000	
1584	15/05/2014 21:00	0000000700	0000000000	0000000136	0000000000	0000000000	0000000000	00000000	
1585	15/05/2014 21:15	0000000704	0000000000	0000000132	0000000000	0000000000	0000000000	00000000	
1586	15/05/2014 21:30	0000000716	0000000000	0000000132	0000000000	0000000000	0000000000	00000000	
1587	15/05/2014 21:45	0000000708	0000000000	0000000124	0000000000	0000000000	0000000000	00000000	
1588	15/05/2014 22:00	0000000692	0000000000	0000000140	0000000000	0000000000	0000000000	00000000	
1589	15/05/2014 22:15	0000000676	0000000000	0000000140	0000000000	0000000000	0000000000	00000000	
1590	15/05/2014 22:30	0000000684	0000000000	0000000140	0000000000	0000000000	0000000000	00000000	
1591	15/05/2014 22:45	0000000676	0000000000	0000000148	0000000000	0000000000	0000000000	00000000	
1592	15/05/2014 23:00	0000000668	0000000000	0000000136	0000000000	0000000000	0000000000	00000000	
1593	15/05/2014 23:15	0000000668	0000000000	0000000156	0000000000	0000000000	0000000000	00000000	
1594	15/05/2014 23:30	0000000668	0000000000	0000000156	0000000000	0000000000	0000000000	00000000	
1595	15/05/2014 23:45	0000000672	0000000000	0000000156	0000000000	0000000000	0000000000	00000000	
