150	15/07/2014 00:00	0000001256	0000000000	0000000484	0000000000	0000000000	0000000000	00000000	
151	15/07/2014 00:15	0000001248	0000000000	0000000468	0000000000	0000000000	0000000000	00000000	
152	15/07/2014 00:30	0000001244	0000000000	0000000436	0000000000	0000000000	0000000000	00000000	
153	15/07/2014 00:45	0000001248	0000000000	0000000440	0000000000	0000000000	0000000000	00000000	
154	15/07/2014 01:00	0000001252	0000000000	0000000452	0000000000	0000000000	0000000000	00000000	
155	15/07/2014 01:15	0000001264	0000000000	0000000464	0000000000	0000000000	0000000000	00000000	
156	15/07/2014 01:30	0000001260	0000000000	0000000460	0000000000	0000000000	0000000000	00000000	
157	15/07/2014 01:45	0000001260	0000000000	0000000468	0000000000	0000000000	0000000000	00000000	
158	15/07/2014 02:00	0000001092	0000000000	0000000432	0000000000	0000000000	0000000000	00000000	
159	15/07/2014 02:15	0000000840	0000000000	0000000356	0000000000	0000000000	0000000000	00000000	
1510	15/07/2014 02:30	0000000832	0000000000	0000000340	0000000000	0000000000	0000000000	00000000	
1511	15/07/2014 02:45	0000000832	0000000000	0000000348	0000000000	0000000000	0000000000	00000000	
1512	15/07/2014 03:00	0000000824	0000000000	0000000344	0000000000	0000000000	0000000000	00000000	
1513	15/07/2014 03:15	0000000776	0000000000	0000000344	0000000000	0000000000	0000000000	00000000	
1514	15/07/2014 03:30	0000000748	0000000000	0000000332	0000000000	0000000000	0000000000	00000000	
1515	15/07/2014 03:45	0000000756	0000000000	0000000348	0000000000	0000000000	0000000000	00000000	
1516	15/07/2014 04:00	0000000744	0000000000	0000000340	0000000000	0000000000	0000000000	00000000	
1517	15/07/2014 04:15	0000000736	0000000000	0000000284	0000000000	0000000000	0000000000	00000000	
1518	15/07/2014 04:30	0000000672	0000000000	0000000164	0000000000	0000000000	0000000000	00000000	
1519	15/07/2014 04:45	0000000676	0000000000	0000000172	0000000000	0000000000	0000000000	00000000	
1520	15/07/2014 05:00	0000000672	0000000000	0000000168	0000000000	0000000000	0000000000	00000000	
1521	15/07/2014 05:15	0000000676	0000000000	0000000176	0000000000	0000000000	0000000000	00000000	
1522	15/07/2014 05:30	0000000668	0000000000	0000000168	0000000000	0000000000	0000000000	00000000	
1523	15/07/2014 05:45	0000000684	0000000000	0000000176	0000000000	0000000000	0000000000	00000000	
1524	15/07/2014 06:00	0000000672	0000000000	0000000160	0000000000	0000000000	0000000000	00000000	
1521	15/07/2014 05:15	0000000676	0000000000	0000000176	0000000000	0000000000	0000000000	00000000	
1522	15/07/2014 05:30	0000000668	0000000000	0000000168	0000000000	0000000000	0000000000	00000000	
1523	15/07/2014 05:45	0000000684	0000000000	0000000176	0000000000	0000000000	0000000000	00000000	
1524	15/07/2014 06:00	0000000672	0000000000	0000000160	0000000000	0000000000	0000000000	00000000	
1525	15/07/2014 06:15	0000000692	0000000000	0000000176	0000000000	0000000000	0000000000	00000000	
1526	15/07/2014 06:30	0000000832	0000000000	0000000364	0000000000	0000000000	0000000000	00000000	
1527	15/07/2014 06:45	0000000852	0000000000	0000000372	0000000000	0000000000	0000000000	00000000	
1528	15/07/2014 07:00	0000000860	0000000000	0000000384	0000000000	0000000000	0000000000	00000000	
1529	15/07/2014 07:15	0000000844	0000000000	0000000360	0000000000	0000000000	0000000000	00000000	
1530	15/07/2014 07:30	0000000832	0000000000	0000000348	0000000000	0000000000	0000000000	00000000	
1531	15/07/2014 07:45	0000000920	0000000000	0000000372	0000000000	0000000000	0000000000	00000000	
1532	15/07/2014 08:00	0000001284	0000000000	0000000372	0000000000	0000000000	0000000000	00000000	
1533	15/07/2014 08:15	0000001292	0000000000	0000000368	0000000000	0000000000	0000000000	00000000	
1534	15/07/2014 08:30	0000001328	0000000000	0000000380	0000000000	0000000000	0000000000	00000000	
1535	15/07/2014 08:45	0000001240	0000000000	0000000368	0000000000	0000000000	0000000000	00000000	
1536	15/07/2014 09:00	0000001216	0000000000	0000000356	0000000000	0000000000	0000000000	00000000	
1537	15/07/2014 09:15	0000001256	0000000000	0000000348	0000000000	0000000000	0000000000	00000000	
1538	15/07/2014 09:30	0000001240	0000000000	0000000332	0000000000	0000000000	0000000000	00000000	
1539	15/07/2014 09:45	0000001200	0000000000	0000000332	0000000000	0000000000	0000000004	00000000	
1540	15/07/2014 10:00	0000001196	0000000000	0000000440	0000000000	0000000000	0000000000	00000000	
1541	15/07/2014 10:15	0000001284	0000000000	0000000480	0000000000	0000000000	0000000000	00000000	
1542	15/07/2014 10:30	0000001248	0000000000	0000000468	0000000000	0000000000	0000000000	00000000	
1543	15/07/2014 10:45	0000001244	0000000000	0000000472	0000000000	0000000000	0000000000	00000000	
1544	15/07/2014 11:00	0000001256	0000000000	0000000476	0000000000	0000000000	0000000000	00000000	
1545	15/07/2014 11:15	0000001200	0000000000	0000000388	0000000000	0000000000	0000000000	00000000	
1546	15/07/2014 11:30	0000001128	0000000000	0000000192	0000000000	0000000000	0000000000	00000000	
1547	15/07/2014 11:45	0000001132	0000000000	0000000204	0000000000	0000000000	0000000000	00000000	
1548	15/07/2014 12:00	0000001128	0000000000	0000000208	0000000000	0000000000	0000000000	00000000	
1549	15/07/2014 12:15	0000001128	0000000000	0000000204	0000000000	0000000000	0000000000	00000000	
1550	15/07/2014 12:30	0000001128	0000000000	0000000204	0000000000	0000000000	0000000000	00000000	
1551	15/07/2014 12:45	0000001136	0000000000	0000000208	0000000000	0000000000	0000000000	00000000	
1552	15/07/2014 13:00	0000001136	0000000000	0000000220	0000000000	0000000000	0000000000	00000000	
1553	15/07/2014 13:15	0000001136	0000000000	0000000208	0000000000	0000000000	0000000000	00000000	
1554	15/07/2014 13:30	0000001136	0000000000	0000000204	0000000000	0000000000	0000000000	00000000	
1555	15/07/2014 13:45	0000001128	0000000000	0000000200	0000000000	0000000000	0000000000	00000000	
1556	15/07/2014 14:00	0000001140	0000000000	0000000216	0000000000	0000000000	0000000000	00000000	
1557	15/07/2014 14:15	0000001136	0000000000	0000000244	0000000000	0000000000	0000000000	00000000	
1558	15/07/2014 14:30	0000001148	0000000000	0000000260	0000000000	0000000000	0000000000	00000000	
1559	15/07/2014 14:45	0000001148	0000000000	0000000264	0000000000	0000000000	0000000000	00000000	
1560	15/07/2014 15:00	0000001152	0000000000	0000000268	0000000000	0000000000	0000000000	00000000	
1561	15/07/2014 15:15	0000001140	0000000000	0000000256	0000000000	0000000000	0000000000	00000000	
1562	15/07/2014 15:30	0000001140	0000000000	0000000252	0000000000	0000000000	0000000000	00000000	
1563	15/07/2014 15:45	0000001144	0000000000	0000000256	0000000000	0000000000	0000000000	00000000	
1564	15/07/2014 16:00	0000001144	0000000000	0000000260	0000000000	0000000000	0000000000	00000000	
1565	15/07/2014 16:15	0000000692	0000000000	0000000136	0000000000	0000000000	0000000000	00000000	
1566	15/07/2014 16:30	0000000608	0000000000	0000000140	0000000000	0000000000	0000000000	00000000	
1567	15/07/2014 16:45	0000000968	0000000000	0000000244	0000000000	0000000000	0000000000	00000000	
1568	15/07/2014 17:00	0000001136	0000000000	0000000236	0000000000	0000000000	0000000000	00000000	
1569	15/07/2014 17:15	0000001132	0000000000	0000000220	0000000000	0000000000	0000000000	00000000	
1570	15/07/2014 17:30	0000001140	0000000000	0000000236	0000000000	0000000000	0000000000	00000000	
1571	15/07/2014 17:45	0000001144	0000000000	0000000224	0000000000	0000000000	0000000000	00000000	
1572	15/07/2014 18:00	0000001152	0000000000	0000000232	0000000000	0000000000	0000000000	00000000	
1573	15/07/2014 18:15	0000001144	0000000000	0000000224	0000000000	0000000000	0000000000	00000000	
1574	15/07/2014 18:30	0000001148	0000000000	0000000224	0000000000	0000000000	0000000000	00000000	
1575	15/07/2014 18:45	0000001136	0000000000	0000000216	0000000000	0000000000	0000000000	00000000	
1576	15/07/2014 19:00	0000001140	0000000000	0000000224	0000000000	0000000000	0000000000	00000000	
1577	15/07/2014 19:15	0000001204	0000000000	0000000380	0000000000	0000000000	0000000000	00000000	
1578	15/07/2014 19:30	0000001264	0000000000	0000000524	0000000000	0000000000	0000000000	00000000	
1579	15/07/2014 19:45	0000001260	0000000000	0000000524	0000000000	0000000000	0000000000	00000000	
1580	15/07/2014 20:00	0000001260	0000000000	0000000520	0000000000	0000000000	0000000000	00000000	
1581	15/07/2014 20:15	0000001256	0000000000	0000000528	0000000000	0000000000	0000000000	00000000	
1582	15/07/2014 20:30	0000001272	0000000000	0000000540	0000000000	0000000000	0000000000	00000000	
1583	15/07/2014 20:45	0000001256	0000000000	0000000528	0000000000	0000000000	0000000000	00000000	
1584	15/07/2014 21:00	0000001256	0000000000	0000000528	0000000000	0000000000	0000000000	00000000	
1585	15/07/2014 21:15	0000001248	0000000000	0000000528	0000000000	0000000000	0000000000	00000000	
1586	15/07/2014 21:30	0000001256	0000000000	0000000532	0000000000	0000000000	0000000000	00000000	
1587	15/07/2014 21:45	0000001264	0000000000	0000000528	0000000000	0000000000	0000000000	00000000	
1588	15/07/2014 22:00	0000001268	0000000000	0000000504	0000000000	0000000000	0000000000	00000000	
1589	15/07/2014 22:15	0000001240	0000000000	0000000480	0000000000	0000000000	0000000000	00000000	
1590	15/07/2014 22:30	0000001244	0000000000	0000000488	0000000000	0000000000	0000000000	00000000	
1591	15/07/2014 22:45	0000001244	0000000000	0000000488	0000000000	0000000000	0000000000	00000000	
1592	15/07/2014 23:00	0000001228	0000000000	0000000472	0000000000	0000000000	0000000000	00000000	
1593	15/07/2014 23:15	0000001232	0000000000	0000000476	0000000000	0000000000	0000000000	00000000	
1594	15/07/2014 23:30	0000001236	0000000000	0000000488	0000000000	0000000000	0000000000	00000000	
1591	15/07/2014 22:45	0000001244	0000000000	0000000488	0000000000	0000000000	0000000000	00000000	
1592	15/07/2014 23:00	0000001228	0000000000	0000000472	0000000000	0000000000	0000000000	00000000	
1593	15/07/2014 23:15	0000001232	0000000000	0000000476	0000000000	0000000000	0000000000	00000000	
1594	15/07/2014 23:30	0000001236	0000000000	0000000488	0000000000	0000000000	0000000000	00000000	
1595	15/07/2014 23:45	0000001232	0000000000	0000000500	0000000000	0000000000	0000000000	00000000	
