160	16/09/2014 00:00	0000000664	0000000000	0000000148	0000000000	0000000000	0000000000	00000000	
161	16/09/2014 00:15	0000000664	0000000000	0000000172	0000000000	0000000000	0000000000	00000000	
162	16/09/2014 00:30	0000000660	0000000000	0000000152	0000000000	0000000000	0000000000	00000000	
163	16/09/2014 00:45	0000000668	0000000000	0000000160	0000000000	0000000000	0000000000	00000000	
164	16/09/2014 01:00	0000000660	0000000000	0000000152	0000000000	0000000000	0000000000	00000000	
165	16/09/2014 01:15	0000000664	0000000000	0000000164	0000000000	0000000000	0000000000	00000000	
166	16/09/2014 01:30	0000000660	0000000000	0000000156	0000000000	0000000000	0000000000	00000000	
163	16/09/2014 00:45	0000000668	0000000000	0000000160	0000000000	0000000000	0000000000	00000000	
164	16/09/2014 01:00	0000000660	0000000000	0000000152	0000000000	0000000000	0000000000	00000000	
165	16/09/2014 01:15	0000000664	0000000000	0000000164	0000000000	0000000000	0000000000	00000000	
166	16/09/2014 01:30	0000000660	0000000000	0000000156	0000000000	0000000000	0000000000	00000000	
167	16/09/2014 01:45	0000000664	0000000000	0000000160	0000000000	0000000000	0000000000	00000000	
168	16/09/2014 02:00	0000000660	0000000000	0000000168	0000000000	0000000000	0000000000	00000000	
169	16/09/2014 02:15	0000000664	0000000000	0000000172	0000000000	0000000000	0000000000	00000000	
1610	16/09/2014 02:30	0000000664	0000000000	0000000176	0000000000	0000000000	0000000000	00000000	
1611	16/09/2014 02:45	0000000660	0000000000	0000000172	0000000000	0000000000	0000000000	00000000	
1612	16/09/2014 03:00	0000000660	0000000000	0000000168	0000000000	0000000000	0000000000	00000000	
1613	16/09/2014 03:15	0000000660	0000000000	0000000168	0000000000	0000000000	0000000000	00000000	
1614	16/09/2014 03:30	0000000656	0000000000	0000000156	0000000000	0000000000	0000000000	00000000	
1615	16/09/2014 03:45	0000000660	0000000000	0000000164	0000000000	0000000000	0000000000	00000000	
1616	16/09/2014 04:00	0000000656	0000000000	0000000164	0000000000	0000000000	0000000000	00000000	
1617	16/09/2014 04:15	0000000656	0000000000	0000000160	0000000000	0000000000	0000000000	00000000	
1618	16/09/2014 04:30	0000000660	0000000000	0000000160	0000000000	0000000000	0000000000	00000000	
1619	16/09/2014 04:45	0000000656	0000000000	0000000160	0000000000	0000000000	0000000000	00000000	
1620	16/09/2014 05:00	0000000656	0000000000	0000000160	0000000000	0000000000	0000000000	00000000	
1621	16/09/2014 05:15	0000000652	0000000000	0000000160	0000000000	0000000000	0000000000	00000000	
1622	16/09/2014 05:30	0000000648	0000000000	0000000156	0000000000	0000000000	0000000000	00000000	
1623	16/09/2014 05:45	0000000652	0000000000	0000000156	0000000000	0000000000	0000000000	00000000	
1624	16/09/2014 06:00	0000000652	0000000000	0000000156	0000000000	0000000000	0000000000	00000000	
1625	16/09/2014 06:15	0000000772	0000000000	0000000324	0000000000	0000000000	0000000000	00000000	
1626	16/09/2014 06:30	0000000812	0000000000	0000000380	0000000000	0000000000	0000000000	00000000	
1627	16/09/2014 06:45	0000000808	0000000000	0000000380	0000000000	0000000000	0000000000	00000000	
1628	16/09/2014 07:00	0000001180	0000000000	0000000492	0000000000	0000000000	0000000000	00000000	
1629	16/09/2014 07:15	0000001228	0000000000	0000000504	0000000000	0000000000	0000000000	00000000	
1630	16/09/2014 07:30	0000001228	0000000000	0000000508	0000000000	0000000000	0000000000	00000000	
1627	16/09/2014 06:45	0000000808	0000000000	0000000380	0000000000	0000000000	0000000000	00000000	
1628	16/09/2014 07:00	0000001180	0000000000	0000000492	0000000000	0000000000	0000000000	00000000	
1629	16/09/2014 07:15	0000001228	0000000000	0000000504	0000000000	0000000000	0000000000	00000000	
1630	16/09/2014 07:30	0000001228	0000000000	0000000508	0000000000	0000000000	0000000000	00000000	
1631	16/09/2014 07:45	0000001228	0000000000	0000000528	0000000000	0000000000	0000000000	00000000	
1632	16/09/2014 08:00	0000001212	0000000000	0000000532	0000000000	0000000000	0000000000	00000000	
1633	16/09/2014 08:15	0000001224	0000000000	0000000528	0000000000	0000000000	0000000000	00000000	
1634	16/09/2014 08:30	0000001224	0000000000	0000000520	0000000000	0000000000	0000000000	00000000	
1635	16/09/2014 08:45	0000001212	0000000000	0000000508	0000000000	0000000000	0000000000	00000000	
1636	16/09/2014 09:00	0000001224	0000000000	0000000500	0000000000	0000000000	0000000000	00000000	
1637	16/09/2014 09:15	0000001036	0000000000	0000000376	0000000000	0000000000	0000000000	00000000	
1638	16/09/2014 09:30	0000000700	0000000000	0000000068	0000000000	0000000000	0000000000	00000000	
1639	16/09/2014 09:45	0000000636	0000000000	0000000056	0000000000	0000000000	0000000004	00000000	
1640	16/09/2014 10:00	0000001100	0000000000	0000000216	0000000000	0000000000	0000000000	00000000	
1641	16/09/2014 10:15	0000001120	0000000000	0000000200	0000000000	0000000000	0000000000	00000000	
1642	16/09/2014 10:30	0000001112	0000000000	0000000196	0000000000	0000000000	0000000000	00000000	
1643	16/09/2014 10:45	0000001104	0000000000	0000000180	0000000000	0000000000	0000000000	00000000	
1644	16/09/2014 11:00	0000001116	0000000000	0000000184	0000000000	0000000000	0000000000	00000000	
1645	16/09/2014 11:15	0000001128	0000000000	0000000192	0000000000	0000000000	0000000000	00000000	
1646	16/09/2014 11:30	0000001124	0000000000	0000000192	0000000000	0000000000	0000000000	00000000	
1647	16/09/2014 11:45	0000001136	0000000000	0000000212	0000000000	0000000000	0000000000	00000000	
1648	16/09/2014 12:00	0000001132	0000000000	0000000204	0000000000	0000000000	0000000000	00000000	
1649	16/09/2014 12:15	0000000864	0000000000	0000000148	0000000000	0000000000	0000000000	00000000	
1650	16/09/2014 12:30	0000000988	0000000000	0000000176	0000000000	0000000000	0000000000	00000000	
1651	16/09/2014 12:45	0000001132	0000000000	0000000216	0000000000	0000000000	0000000000	00000000	
1652	16/09/2014 13:00	0000001132	0000000000	0000000216	0000000000	0000000000	0000000000	00000000	
1653	16/09/2014 13:15	0000001136	0000000000	0000000232	0000000000	0000000000	0000000000	00000000	
1654	16/09/2014 13:30	0000001132	0000000000	0000000224	0000000000	0000000000	0000000000	00000000	
1655	16/09/2014 13:45	0000001136	0000000000	0000000232	0000000000	0000000000	0000000000	00000000	
1656	16/09/2014 14:00	0000001148	0000000000	0000000276	0000000000	0000000000	0000000000	00000000	
1657	16/09/2014 14:15	0000001148	0000000000	0000000288	0000000000	0000000000	0000000000	00000000	
1658	16/09/2014 14:30	0000001156	0000000000	0000000288	0000000000	0000000000	0000000000	00000000	
1659	16/09/2014 14:45	0000001140	0000000000	0000000268	0000000000	0000000000	0000000000	00000000	
1660	16/09/2014 15:00	0000001128	0000000000	0000000260	0000000000	0000000000	0000000000	00000000	
1661	16/09/2014 15:15	0000001128	0000000000	0000000260	0000000000	0000000000	0000000000	00000000	
1662	16/09/2014 15:30	0000001120	0000000000	0000000240	0000000000	0000000000	0000000000	00000000	
1663	16/09/2014 15:45	0000001120	0000000000	0000000236	0000000000	0000000000	0000000000	00000000	
1664	16/09/2014 16:00	0000001124	0000000000	0000000232	0000000000	0000000000	0000000000	00000000	
1665	16/09/2014 16:15	0000001112	0000000000	0000000224	0000000000	0000000000	0000000000	00000000	
1666	16/09/2014 16:30	0000001124	0000000000	0000000208	0000000000	0000000000	0000000000	00000000	
1667	16/09/2014 16:45	0000001120	0000000000	0000000204	0000000000	0000000000	0000000000	00000000	
1668	16/09/2014 17:00	0000001128	0000000000	0000000204	0000000000	0000000000	0000000000	00000000	
1669	16/09/2014 17:15	0000001124	0000000000	0000000200	0000000000	0000000000	0000000000	00000000	
1670	16/09/2014 17:30	0000001116	0000000000	0000000192	0000000000	0000000000	0000000000	00000000	
1671	16/09/2014 17:45	0000001120	0000000000	0000000208	0000000000	0000000000	0000000000	00000000	
1672	16/09/2014 18:00	0000001116	0000000000	0000000208	0000000000	0000000000	0000000000	00000000	
1673	16/09/2014 18:15	0000001124	0000000000	0000000212	0000000000	0000000000	0000000000	00000000	
1674	16/09/2014 18:30	0000001120	0000000000	0000000212	0000000000	0000000000	0000000000	00000000	
1675	16/09/2014 18:45	0000001124	0000000000	0000000232	0000000000	0000000000	0000000000	00000000	
1676	16/09/2014 19:00	0000001124	0000000000	0000000244	0000000000	0000000000	0000000000	00000000	
1677	16/09/2014 19:15	0000001116	0000000000	0000000252	0000000000	0000000000	0000000000	00000000	
1678	16/09/2014 19:30	0000001112	0000000000	0000000256	0000000000	0000000000	0000000000	00000000	
1679	16/09/2014 19:45	0000001116	0000000000	0000000268	0000000000	0000000000	0000000000	00000000	
1680	16/09/2014 20:00	0000001140	0000000000	0000000276	0000000000	0000000000	0000000000	00000000	
1681	16/09/2014 20:15	0000001120	0000000000	0000000272	0000000000	0000000000	0000000000	00000000	
1682	16/09/2014 20:30	0000001132	0000000000	0000000252	0000000000	0000000000	0000000000	00000000	
1683	16/09/2014 20:45	0000001220	0000000000	0000000464	0000000000	0000000000	0000000000	00000000	
1684	16/09/2014 21:00	0000001224	0000000000	0000000520	0000000000	0000000000	0000000000	00000000	
1685	16/09/2014 21:15	0000001236	0000000000	0000000548	0000000000	0000000000	0000000000	00000000	
1686	16/09/2014 21:30	0000001236	0000000000	0000000548	0000000000	0000000000	0000000000	00000000	
1687	16/09/2014 21:45	0000001080	0000000000	0000000528	0000000000	0000000000	0000000000	00000000	
1688	16/09/2014 22:00	0000000816	0000000000	0000000432	0000000000	0000000000	0000000000	00000000	
1689	16/09/2014 22:15	0000000792	0000000000	0000000388	0000000000	0000000000	0000000000	00000000	
1690	16/09/2014 22:30	0000000792	0000000000	0000000404	0000000000	0000000000	0000000000	00000000	
1691	16/09/2014 22:45	0000000792	0000000000	0000000408	0000000000	0000000000	0000000000	00000000	
1692	16/09/2014 23:00	0000000788	0000000000	0000000400	0000000000	0000000000	0000000000	00000000	
1693	16/09/2014 23:15	0000000780	0000000000	0000000400	0000000000	0000000000	0000000000	00000000	
1694	16/09/2014 23:30	0000000780	0000000000	0000000384	0000000000	0000000000	0000000000	00000000	
1695	16/09/2014 23:45	0000000784	0000000000	0000000388	0000000000	0000000000	0000000000	00000000	
