190	19/05/2014 00:00	0000000563	0000000000	0000000143	0000000000	0000000000	0000000001	00000000	
194	19/05/2014 01:00	0000000100	0000000000	0000000073	0000000000	0000000000	0000000000	00000000	
198	19/05/2014 02:00	0000000099	0000000000	0000000076	0000000000	0000000000	0000000000	00000000	
1912	19/05/2014 03:00	0000000098	0000000000	0000000079	0000000000	0000000000	0000000000	00000000	
1916	19/05/2014 04:00	0000000098	0000000000	0000000074	0000000000	0000000000	0000000000	00000000	
1920	19/05/2014 05:00	0000000097	0000000000	0000000074	0000000000	0000000000	0000000000	00000000	
1924	19/05/2014 06:00	0000000101	0000000000	0000000074	0000000000	0000000000	0000000000	00000000	
1928	19/05/2014 07:00	0000000443	0000000000	0000000142	0000000000	0000000000	0000000000	00000000	
1932	19/05/2014 08:00	0000000682	0000000000	0000000140	0000000000	0000000000	0000000000	00000000	
1936	19/05/2014 09:00	0000000575	0000000000	0000000091	0000000000	0000000000	0000000000	00000000	
1940	19/05/2014 10:00	0000000301	0000000000	0000000065	0000000000	0000000000	0000000003	00000000	
1944	19/05/2014 11:00	0000000482	0000000000	0000000084	0000000000	0000000000	0000000000	00000000	
1948	19/05/2014 12:00	0000000955	0000000000	0000000296	0000000000	0000000000	0000000000	00000000	
1952	19/05/2014 13:00	0000001260	0000000000	0000000521	0000000000	0000000000	0000000000	00000000	
1956	19/05/2014 14:00	0000000838	0000000000	0000000404	0000000000	0000000000	0000000000	00000000	
1960	19/05/2014 15:00	0000001221	0000000000	0000000540	0000000000	0000000000	0000000000	00000000	
1964	19/05/2014 16:00	0000001247	0000000000	0000000530	0000000000	0000000000	0000000000	00000000	
1968	19/05/2014 17:00	0000001054	0000000000	0000000374	0000000000	0000000000	0000000000	00000000	
1972	19/05/2014 18:00	0000000819	0000000000	0000000324	0000000000	0000000000	0000000000	00000000	
1976	19/05/2014 19:00	0000000835	0000000000	0000000347	0000000000	0000000000	0000000000	00000000	
1980	19/05/2014 20:00	0000000817	0000000000	0000000341	0000000000	0000000000	0000000000	00000000	
1984	19/05/2014 21:00	0000000812	0000000000	0000000322	0000000000	0000000000	0000000000	00000000	
1988	19/05/2014 22:00	0000000749	0000000000	0000000235	0000000000	0000000000	0000000000	00000000	
1992	19/05/2014 23:00	0000000677	0000000000	0000000169	0000000000	0000000000	0000000000	00000000	
190	19/05/2014 00:00	0000000220	0000000000	0000000084	0000000000	0000000000	0000000004	00000000	
191	19/05/2014 00:15	0000000100	0000000000	0000000076	0000000000	0000000000	0000000000	00000000	
192	19/05/2014 00:30	0000000100	0000000000	0000000076	0000000000	0000000000	0000000000	00000000	
193	19/05/2014 00:45	0000000100	0000000000	0000000072	0000000000	0000000000	0000000000	00000000	
194	19/05/2014 01:00	0000000100	0000000000	0000000068	0000000000	0000000000	0000000000	00000000	
195	19/05/2014 01:15	0000000096	0000000000	0000000076	0000000000	0000000000	0000000000	00000000	
196	19/05/2014 01:30	0000000100	0000000000	0000000072	0000000000	0000000000	0000000000	00000000	
197	19/05/2014 01:45	0000000100	0000000000	0000000076	0000000000	0000000000	0000000000	00000000	
198	19/05/2014 02:00	0000000100	0000000000	0000000080	0000000000	0000000000	0000000000	00000000	
199	19/05/2014 02:15	0000000096	0000000000	0000000076	0000000000	0000000000	0000000000	00000000	
1910	19/05/2014 02:30	0000000100	0000000000	0000000080	0000000000	0000000000	0000000000	00000000	
1911	19/05/2014 02:45	0000000096	0000000000	0000000076	0000000000	0000000000	0000000000	00000000	
1912	19/05/2014 03:00	0000000100	0000000000	0000000084	0000000000	0000000000	0000000000	00000000	
1913	19/05/2014 03:15	0000000096	0000000000	0000000076	0000000000	0000000000	0000000000	00000000	
1914	19/05/2014 03:30	0000000100	0000000000	0000000076	0000000000	0000000000	0000000000	00000000	
1915	19/05/2014 03:45	0000000096	0000000000	0000000072	0000000000	0000000000	0000000000	00000000	
1916	19/05/2014 04:00	0000000100	0000000000	0000000072	0000000000	0000000000	0000000000	00000000	
1917	19/05/2014 04:15	0000000096	0000000000	0000000076	0000000000	0000000000	0000000000	00000000	
1918	19/05/2014 04:30	0000000096	0000000000	0000000072	0000000000	0000000000	0000000000	00000000	
1919	19/05/2014 04:45	0000000100	0000000000	0000000072	0000000000	0000000000	0000000000	00000000	
1920	19/05/2014 05:00	0000000096	0000000000	0000000076	0000000000	0000000000	0000000000	00000000	
1921	19/05/2014 05:15	0000000100	0000000000	0000000072	0000000000	0000000000	0000000000	00000000	
1922	19/05/2014 05:30	0000000096	0000000000	0000000072	0000000000	0000000000	0000000000	00000000	
1923	19/05/2014 05:45	0000000100	0000000000	0000000072	0000000000	0000000000	0000000000	00000000	
1924	19/05/2014 06:00	0000000108	0000000000	0000000080	0000000000	0000000000	0000000000	00000000	
1925	19/05/2014 06:15	0000000128	0000000000	0000000108	0000000000	0000000000	0000000000	00000000	
1926	19/05/2014 06:30	0000000320	0000000000	0000000168	0000000000	0000000000	0000000000	00000000	
1927	19/05/2014 06:45	0000000648	0000000000	0000000144	0000000000	0000000000	0000000000	00000000	
1928	19/05/2014 07:00	0000000676	0000000000	0000000148	0000000000	0000000000	0000000000	00000000	
1929	19/05/2014 07:15	0000000700	0000000000	0000000164	0000000000	0000000000	0000000000	00000000	
1930	19/05/2014 07:30	0000000700	0000000000	0000000144	0000000000	0000000000	0000000000	00000000	
1931	19/05/2014 07:45	0000000676	0000000000	0000000132	0000000000	0000000000	0000000000	00000000	
1932	19/05/2014 08:00	0000000652	0000000000	0000000120	0000000000	0000000000	0000000000	00000000	
1933	19/05/2014 08:15	0000000656	0000000000	0000000116	0000000000	0000000000	0000000000	00000000	
1934	19/05/2014 08:30	0000000656	0000000000	0000000112	0000000000	0000000000	0000000000	00000000	
1935	19/05/2014 08:45	0000000580	0000000000	0000000060	0000000000	0000000000	0000000000	00000000	
1936	19/05/2014 09:00	0000000408	0000000000	0000000076	0000000000	0000000000	0000000000	00000000	
1937	19/05/2014 09:15	0000000380	0000000000	0000000056	0000000000	0000000000	0000000012	00000000	
1938	19/05/2014 09:30	0000000292	0000000000	0000000052	0000000000	0000000000	0000000000	00000000	
1939	19/05/2014 09:45	0000000276	0000000000	0000000080	0000000000	0000000000	0000000000	00000000	
1940	19/05/2014 10:00	0000000256	0000000000	0000000072	0000000000	0000000000	0000000000	00000000	
1941	19/05/2014 10:15	0000000244	0000000000	0000000064	0000000000	0000000000	0000000000	00000000	
1942	19/05/2014 10:30	0000000336	0000000000	0000000088	0000000000	0000000000	0000000000	00000000	
1943	19/05/2014 10:45	0000000660	0000000000	0000000088	0000000000	0000000000	0000000000	00000000	
1944	19/05/2014 11:00	0000000688	0000000000	0000000096	0000000000	0000000000	0000000000	00000000	
1945	19/05/2014 11:15	0000000680	0000000000	0000000092	0000000000	0000000000	0000000000	00000000	
1946	19/05/2014 11:30	0000000704	0000000000	0000000128	0000000000	0000000000	0000000000	00000000	
1947	19/05/2014 11:45	0000001176	0000000000	0000000456	0000000000	0000000000	0000000000	00000000	
1948	19/05/2014 12:00	0000001260	0000000000	0000000508	0000000000	0000000000	0000000000	00000000	
1949	19/05/2014 12:15	0000001268	0000000000	0000000524	0000000000	0000000000	0000000000	00000000	
1950	19/05/2014 12:30	0000001260	0000000000	0000000520	0000000000	0000000000	0000000000	00000000	
1951	19/05/2014 12:45	0000001256	0000000000	0000000516	0000000000	0000000000	0000000000	00000000	
1952	19/05/2014 13:00	0000001256	0000000000	0000000524	0000000000	0000000000	0000000000	00000000	
1953	19/05/2014 13:15	0000000876	0000000000	0000000424	0000000000	0000000000	0000000000	00000000	
1954	19/05/2014 13:30	0000000824	0000000000	0000000384	0000000000	0000000000	0000000000	00000000	
1955	19/05/2014 13:45	0000000820	0000000000	0000000396	0000000000	0000000000	0000000000	00000000	
1956	19/05/2014 14:00	0000000832	0000000000	0000000412	0000000000	0000000000	0000000000	00000000	
1957	19/05/2014 14:15	0000001188	0000000000	0000000548	0000000000	0000000000	0000000000	00000000	
1958	19/05/2014 14:30	0000001228	0000000000	0000000548	0000000000	0000000000	0000000000	00000000	
1959	19/05/2014 14:45	0000001228	0000000000	0000000528	0000000000	0000000000	0000000000	00000000	
1960	19/05/2014 15:00	0000001240	0000000000	0000000536	0000000000	0000000000	0000000000	00000000	
1961	19/05/2014 15:15	0000001244	0000000000	0000000540	0000000000	0000000000	0000000000	00000000	
1962	19/05/2014 15:30	0000001248	0000000000	0000000528	0000000000	0000000000	0000000000	00000000	
1963	19/05/2014 15:45	0000001248	0000000000	0000000532	0000000000	0000000000	0000000000	00000000	
1964	19/05/2014 16:00	0000001248	0000000000	0000000520	0000000000	0000000000	0000000000	00000000	
1965	19/05/2014 16:15	0000001240	0000000000	0000000508	0000000000	0000000000	0000000000	00000000	
1966	19/05/2014 16:30	0000001240	0000000000	0000000488	0000000000	0000000000	0000000000	00000000	
1967	19/05/2014 16:45	0000001028	0000000000	0000000368	0000000000	0000000000	0000000000	00000000	
1968	19/05/2014 17:00	0000000708	0000000000	0000000132	0000000000	0000000000	0000000000	00000000	
1969	19/05/2014 17:15	0000000796	0000000000	0000000296	0000000000	0000000000	0000000000	00000000	
1970	19/05/2014 17:30	0000000828	0000000000	0000000344	0000000000	0000000000	0000000000	00000000	
1971	19/05/2014 17:45	0000000828	0000000000	0000000332	0000000000	0000000000	0000000000	00000000	
1972	19/05/2014 18:00	0000000824	0000000000	0000000324	0000000000	0000000000	0000000000	00000000	
1973	19/05/2014 18:15	0000000828	0000000000	0000000328	0000000000	0000000000	0000000000	00000000	
1974	19/05/2014 18:30	0000000824	0000000000	0000000332	0000000000	0000000000	0000000000	00000000	
1975	19/05/2014 18:45	0000000840	0000000000	0000000364	0000000000	0000000000	0000000000	00000000	
1976	19/05/2014 19:00	0000000848	0000000000	0000000364	0000000000	0000000000	0000000000	00000000	
1977	19/05/2014 19:15	0000000840	0000000000	0000000364	0000000000	0000000000	0000000000	00000000	
1978	19/05/2014 19:30	0000000836	0000000000	0000000364	0000000000	0000000000	0000000000	00000000	
1979	19/05/2014 19:45	0000000820	0000000000	0000000344	0000000000	0000000000	0000000000	00000000	
1980	19/05/2014 20:00	0000000772	0000000000	0000000292	0000000000	0000000000	0000000000	00000000	
1981	19/05/2014 20:15	0000000756	0000000000	0000000268	0000000000	0000000000	0000000000	00000000	
1982	19/05/2014 20:30	0000000832	0000000000	0000000344	0000000000	0000000000	0000000000	00000000	
1983	19/05/2014 20:45	0000000828	0000000000	0000000340	0000000000	0000000000	0000000000	00000000	
1984	19/05/2014 21:00	0000000832	0000000000	0000000336	0000000000	0000000000	0000000000	00000000	
1985	19/05/2014 21:15	0000000800	0000000000	0000000320	0000000000	0000000000	0000000000	00000000	
1986	19/05/2014 21:30	0000000784	0000000000	0000000296	0000000000	0000000000	0000000000	00000000	
1987	19/05/2014 21:45	0000000708	0000000000	0000000152	0000000000	0000000000	0000000000	00000000	
1988	19/05/2014 22:00	0000000704	0000000000	0000000172	0000000000	0000000000	0000000000	00000000	
1989	19/05/2014 22:15	0000000676	0000000000	0000000156	0000000000	0000000000	0000000000	00000000	
1990	19/05/2014 22:30	0000000684	0000000000	0000000168	0000000000	0000000000	0000000000	00000000	
1991	19/05/2014 22:45	0000000672	0000000000	0000000176	0000000000	0000000000	0000000000	00000000	
1992	19/05/2014 23:00	0000000676	0000000000	0000000176	0000000000	0000000000	0000000000	00000000	
1993	19/05/2014 23:15	0000000668	0000000000	0000000156	0000000000	0000000000	0000000000	00000000	
1994	19/05/2014 23:30	0000000672	0000000000	0000000164	0000000000	0000000000	0000000000	00000000	
1995	19/05/2014 23:45	0000000672	0000000000	0000000152	0000000000	0000000000	0000000000	00000000	
