190	19/08/2014 00:00	0000001048	0000000000	0000000148	0000000000	0000000000	0000000000	00000000	
191	19/08/2014 00:15	0000000676	0000000000	0000000088	0000000000	0000000000	0000000000	00000000	
192	19/08/2014 00:30	0000000652	0000000000	0000000068	0000000000	0000000000	0000000000	00000000	
193	19/08/2014 00:45	0000000656	0000000000	0000000080	0000000000	0000000000	0000000000	00000000	
194	19/08/2014 01:00	0000000652	0000000000	0000000072	0000000000	0000000000	0000000000	00000000	
195	19/08/2014 01:15	0000000652	0000000000	0000000072	0000000000	0000000000	0000000000	00000000	
192	19/08/2014 00:30	0000000652	0000000000	0000000068	0000000000	0000000000	0000000000	00000000	
193	19/08/2014 00:45	0000000656	0000000000	0000000080	0000000000	0000000000	0000000000	00000000	
194	19/08/2014 01:00	0000000652	0000000000	0000000072	0000000000	0000000000	0000000000	00000000	
195	19/08/2014 01:15	0000000652	0000000000	0000000072	0000000000	0000000000	0000000000	00000000	
196	19/08/2014 01:30	0000000660	0000000000	0000000080	0000000000	0000000000	0000000000	00000000	
197	19/08/2014 01:45	0000000648	0000000000	0000000084	0000000000	0000000000	0000000000	00000000	
198	19/08/2014 02:00	0000000656	0000000000	0000000088	0000000000	0000000000	0000000000	00000000	
199	19/08/2014 02:15	0000000652	0000000000	0000000080	0000000000	0000000000	0000000000	00000000	
1910	19/08/2014 02:30	0000000652	0000000000	0000000076	0000000000	0000000000	0000000000	00000000	
1911	19/08/2014 02:45	0000000656	0000000000	0000000088	0000000000	0000000000	0000000000	00000000	
1912	19/08/2014 03:00	0000000652	0000000000	0000000084	0000000000	0000000000	0000000000	00000000	
1913	19/08/2014 03:15	0000000652	0000000000	0000000092	0000000000	0000000000	0000000000	00000000	
1914	19/08/2014 03:30	0000000652	0000000000	0000000096	0000000000	0000000000	0000000000	00000000	
1915	19/08/2014 03:45	0000000652	0000000000	0000000088	0000000000	0000000000	0000000000	00000000	
1916	19/08/2014 04:00	0000000652	0000000000	0000000100	0000000000	0000000000	0000000000	00000000	
1917	19/08/2014 04:15	0000000656	0000000000	0000000100	0000000000	0000000000	0000000000	00000000	
1918	19/08/2014 04:30	0000000652	0000000000	0000000096	0000000000	0000000000	0000000000	00000000	
1919	19/08/2014 04:45	0000000652	0000000000	0000000092	0000000000	0000000000	0000000000	00000000	
1920	19/08/2014 05:00	0000000652	0000000000	0000000100	0000000000	0000000000	0000000000	00000000	
1921	19/08/2014 05:15	0000000656	0000000000	0000000100	0000000000	0000000000	0000000000	00000000	
1922	19/08/2014 05:30	0000000648	0000000000	0000000088	0000000000	0000000000	0000000000	00000000	
1923	19/08/2014 05:45	0000000660	0000000000	0000000100	0000000000	0000000000	0000000000	00000000	
1924	19/08/2014 06:00	0000000652	0000000000	0000000092	0000000000	0000000000	0000000000	00000000	
1925	19/08/2014 06:15	0000000660	0000000000	0000000088	0000000000	0000000000	0000000000	00000000	
1926	19/08/2014 06:30	0000000656	0000000000	0000000084	0000000000	0000000000	0000000000	00000000	
1927	19/08/2014 06:45	0000000664	0000000000	0000000084	0000000000	0000000000	0000000000	00000000	
1924	19/08/2014 06:00	0000000652	0000000000	0000000092	0000000000	0000000000	0000000000	00000000	
1925	19/08/2014 06:15	0000000660	0000000000	0000000088	0000000000	0000000000	0000000000	00000000	
1926	19/08/2014 06:30	0000000656	0000000000	0000000084	0000000000	0000000000	0000000000	00000000	
1927	19/08/2014 06:45	0000000664	0000000000	0000000084	0000000000	0000000000	0000000000	00000000	
1928	19/08/2014 07:00	0000000652	0000000000	0000000076	0000000000	0000000000	0000000000	00000000	
1929	19/08/2014 07:15	0000000796	0000000000	0000000324	0000000000	0000000000	0000000000	00000000	
1930	19/08/2014 07:30	0000000816	0000000000	0000000344	0000000000	0000000000	0000000000	00000000	
1931	19/08/2014 07:45	0000000808	0000000000	0000000340	0000000000	0000000000	0000000000	00000000	
1932	19/08/2014 08:00	0000000812	0000000000	0000000348	0000000000	0000000000	0000000000	00000000	
1933	19/08/2014 08:15	0000000812	0000000000	0000000344	0000000000	0000000000	0000000000	00000000	
1934	19/08/2014 08:30	0000000836	0000000000	0000000364	0000000000	0000000000	0000000000	00000000	
1935	19/08/2014 08:45	0000000976	0000000000	0000000396	0000000000	0000000000	0000000000	00000000	
1936	19/08/2014 09:00	0000001328	0000000000	0000000388	0000000000	0000000000	0000000000	00000000	
1937	19/08/2014 09:15	0000001332	0000000000	0000000380	0000000000	0000000000	0000000000	00000000	
1938	19/08/2014 09:30	0000001352	0000000000	0000000372	0000000000	0000000000	0000000000	00000000	
1939	19/08/2014 09:45	0000001324	0000000000	0000000360	0000000000	0000000000	0000000000	00000000	
1940	19/08/2014 10:00	0000001328	0000000000	0000000364	0000000000	0000000000	0000000000	00000000	
1941	19/08/2014 10:15	0000001292	0000000000	0000000364	0000000000	0000000000	0000000000	00000000	
1942	19/08/2014 10:30	0000001256	0000000000	0000000360	0000000000	0000000000	0000000000	00000000	
1943	19/08/2014 10:45	0000001088	0000000000	0000000356	0000000000	0000000000	0000000000	00000000	
1944	19/08/2014 11:00	0000001192	0000000000	0000000424	0000000000	0000000000	0000000000	00000000	
1945	19/08/2014 11:15	0000001276	0000000000	0000000472	0000000000	0000000000	0000000000	00000000	
1946	19/08/2014 11:30	0000001256	0000000000	0000000468	0000000000	0000000000	0000000000	00000000	
1947	19/08/2014 11:45	0000001268	0000000000	0000000492	0000000000	0000000000	0000000000	00000000	
1948	19/08/2014 12:00	0000001168	0000000000	0000000308	0000000000	0000000000	0000000000	00000000	
1949	19/08/2014 12:15	0000001140	0000000000	0000000204	0000000000	0000000000	0000000000	00000000	
1950	19/08/2014 12:30	0000001140	0000000000	0000000204	0000000000	0000000000	0000000000	00000000	
1951	19/08/2014 12:45	0000001188	0000000000	0000000312	0000000000	0000000000	0000000000	00000000	
1952	19/08/2014 13:00	0000001288	0000000000	0000000508	0000000000	0000000000	0000000000	00000000	
1953	19/08/2014 13:15	0000001292	0000000000	0000000512	0000000000	0000000000	0000000000	00000000	
1954	19/08/2014 13:30	0000001296	0000000000	0000000508	0000000000	0000000000	0000000000	00000000	
1955	19/08/2014 13:45	0000001296	0000000000	0000000512	0000000000	0000000000	0000000000	00000000	
1956	19/08/2014 14:00	0000001284	0000000000	0000000516	0000000000	0000000000	0000000000	00000000	
1957	19/08/2014 14:15	0000001260	0000000000	0000000496	0000000000	0000000000	0000000000	00000000	
1958	19/08/2014 14:30	0000001268	0000000000	0000000508	0000000000	0000000000	0000000000	00000000	
1959	19/08/2014 14:45	0000001264	0000000000	0000000512	0000000000	0000000000	0000000000	00000000	
1960	19/08/2014 15:00	0000001260	0000000000	0000000516	0000000000	0000000000	0000000000	00000000	
1961	19/08/2014 15:15	0000001240	0000000000	0000000516	0000000000	0000000000	0000000000	00000000	
1962	19/08/2014 15:30	0000001240	0000000000	0000000512	0000000000	0000000000	0000000000	00000000	
1963	19/08/2014 15:45	0000001244	0000000000	0000000516	0000000000	0000000000	0000000000	00000000	
1964	19/08/2014 16:00	0000001240	0000000000	0000000504	0000000000	0000000000	0000000000	00000000	
1965	19/08/2014 16:15	0000001200	0000000000	0000000528	0000000000	0000000000	0000000000	00000000	
1966	19/08/2014 16:30	0000001252	0000000000	0000000544	0000000000	0000000000	0000000000	00000000	
1967	19/08/2014 16:45	0000001252	0000000000	0000000544	0000000000	0000000000	0000000000	00000000	
1968	19/08/2014 17:00	0000001244	0000000000	0000000528	0000000000	0000000000	0000000000	00000000	
1969	19/08/2014 17:15	0000001220	0000000000	0000000524	0000000000	0000000000	0000000000	00000000	
1970	19/08/2014 17:30	0000001124	0000000000	0000000272	0000000000	0000000000	0000000000	00000000	
1971	19/08/2014 17:45	0000001236	0000000000	0000000528	0000000000	0000000000	0000000000	00000000	
1972	19/08/2014 18:00	0000001256	0000000000	0000000524	0000000000	0000000000	0000000000	00000000	
1973	19/08/2014 18:15	0000001244	0000000000	0000000516	0000000000	0000000000	0000000000	00000000	
1974	19/08/2014 18:30	0000001252	0000000000	0000000524	0000000000	0000000000	0000000000	00000000	
1975	19/08/2014 18:45	0000001260	0000000000	0000000516	0000000000	0000000000	0000000000	00000000	
1976	19/08/2014 19:00	0000001256	0000000000	0000000520	0000000000	0000000000	0000000000	00000000	
1977	19/08/2014 19:15	0000001264	0000000000	0000000512	0000000000	0000000000	0000000000	00000000	
1978	19/08/2014 19:30	0000001264	0000000000	0000000516	0000000000	0000000000	0000000000	00000000	
1979	19/08/2014 19:45	0000001260	0000000000	0000000516	0000000000	0000000000	0000000000	00000000	
1980	19/08/2014 20:00	0000001224	0000000000	0000000484	0000000000	0000000000	0000000000	00000000	
1981	19/08/2014 20:15	0000001212	0000000000	0000000468	0000000000	0000000000	0000000000	00000000	
1982	19/08/2014 20:30	0000001208	0000000000	0000000468	0000000000	0000000000	0000000000	00000000	
1983	19/08/2014 20:45	0000001212	0000000000	0000000476	0000000000	0000000000	0000000000	00000000	
1984	19/08/2014 21:00	0000001204	0000000000	0000000460	0000000000	0000000000	0000000000	00000000	
1985	19/08/2014 21:15	0000001216	0000000000	0000000456	0000000000	0000000000	0000000000	00000000	
1986	19/08/2014 21:30	0000001212	0000000000	0000000436	0000000000	0000000000	0000000000	00000000	
1987	19/08/2014 21:45	0000001224	0000000000	0000000448	0000000000	0000000000	0000000000	00000000	
1988	19/08/2014 22:00	0000001220	0000000000	0000000448	0000000000	0000000000	0000000000	00000000	
1989	19/08/2014 22:15	0000001172	0000000000	0000000452	0000000000	0000000000	0000000000	00000000	
1990	19/08/2014 22:30	0000001096	0000000000	0000000256	0000000000	0000000000	0000000000	00000000	
1991	19/08/2014 22:45	0000001072	0000000000	0000000180	0000000000	0000000000	0000000000	00000000	
1992	19/08/2014 23:00	0000001060	0000000000	0000000176	0000000000	0000000000	0000000000	00000000	
1993	19/08/2014 23:15	0000001068	0000000000	0000000184	0000000000	0000000000	0000000000	00000000	
1994	19/08/2014 23:30	0000001060	0000000000	0000000184	0000000000	0000000000	0000000000	00000000	
1995	19/08/2014 23:45	0000000800	0000000000	0000000128	0000000000	0000000000	0000000000	00000000	
