230	23/03/2014 00:00	0000000640	0000000000	0000000140	0000000000	0000000000	0000000000	00000000	
234	23/03/2014 01:00	0000000639	0000000000	0000000139	0000000000	0000000000	0000000000	00000000	
238	23/03/2014 02:00	0000000640	0000000000	0000000151	0000000000	0000000000	0000000000	00000000	
2312	23/03/2014 03:00	0000000641	0000000000	0000000160	0000000000	0000000000	0000000000	00000000	
2316	23/03/2014 04:00	0000000641	0000000000	0000000167	0000000000	0000000000	0000000000	00000000	
2320	23/03/2014 05:00	0000000641	0000000000	0000000176	0000000000	0000000000	0000000000	00000000	
2324	23/03/2014 06:00	0000000646	0000000000	0000000187	0000000000	0000000000	0000000000	00000000	
2328	23/03/2014 07:00	0000000652	0000000000	0000000198	0000000000	0000000000	0000000000	00000000	
2332	23/03/2014 08:00	0000000637	0000000000	0000000159	0000000000	0000000000	0000000000	00000000	
2336	23/03/2014 09:00	0000000636	0000000000	0000000146	0000000000	0000000000	0000000000	00000000	
2340	23/03/2014 10:00	0000000637	0000000000	0000000130	0000000000	0000000000	0000000000	00000000	
2344	23/03/2014 11:00	0000000642	0000000000	0000000132	0000000000	0000000000	0000000000	00000000	
2348	23/03/2014 12:00	0000000643	0000000000	0000000138	0000000000	0000000000	0000000000	00000000	
2352	23/03/2014 13:00	0000000647	0000000000	0000000148	0000000000	0000000000	0000000000	00000000	
2356	23/03/2014 14:00	0000000644	0000000000	0000000158	0000000000	0000000000	0000000000	00000000	
2360	23/03/2014 15:00	0000000644	0000000000	0000000162	0000000000	0000000000	0000000000	00000000	
2364	23/03/2014 16:00	0000000645	0000000000	0000000166	0000000000	0000000000	0000000000	00000000	
2368	23/03/2014 17:00	0000000644	0000000000	0000000159	0000000000	0000000000	0000000000	00000000	
2372	23/03/2014 18:00	0000000647	0000000000	0000000167	0000000000	0000000000	0000000000	00000000	
2376	23/03/2014 19:00	0000000645	0000000000	0000000159	0000000000	0000000000	0000000000	00000000	
2380	23/03/2014 20:00	0000000650	0000000000	0000000134	0000000000	0000000000	0000000000	00000000	
2384	23/03/2014 21:00	0000000657	0000000000	0000000147	0000000000	0000000000	0000000000	00000000	
2388	23/03/2014 22:00	0000000657	0000000000	0000000151	0000000000	0000000000	0000000000	00000000	
2392	23/03/2014 23:00	0000000654	0000000000	0000000153	0000000000	0000000000	0000000000	00000000	
