240	24/07/2014 00:00	0000000772	0000000000	0000000360	0000000000	0000000000	0000000000	00000000	
241	24/07/2014 00:15	0000000776	0000000000	0000000356	0000000000	0000000000	0000000000	00000000	
242	24/07/2014 00:30	0000000764	0000000000	0000000332	0000000000	0000000000	0000000000	00000000	
243	24/07/2014 00:45	0000000772	0000000000	0000000336	0000000000	0000000000	0000000000	00000000	
244	24/07/2014 01:00	0000000772	0000000000	0000000336	0000000000	0000000000	0000000000	00000000	
241	24/07/2014 00:15	0000000776	0000000000	0000000356	0000000000	0000000000	0000000000	00000000	
242	24/07/2014 00:30	0000000764	0000000000	0000000332	0000000000	0000000000	0000000000	00000000	
243	24/07/2014 00:45	0000000772	0000000000	0000000336	0000000000	0000000000	0000000000	00000000	
244	24/07/2014 01:00	0000000772	0000000000	0000000336	0000000000	0000000000	0000000000	00000000	
245	24/07/2014 01:15	0000000764	0000000000	0000000344	0000000000	0000000000	0000000000	00000000	
246	24/07/2014 01:30	0000000772	0000000000	0000000340	0000000000	0000000000	0000000000	00000000	
247	24/07/2014 01:45	0000000768	0000000000	0000000352	0000000000	0000000000	0000000000	00000000	
248	24/07/2014 02:00	0000000772	0000000000	0000000364	0000000000	0000000000	0000000000	00000000	
249	24/07/2014 02:15	0000000768	0000000000	0000000360	0000000000	0000000000	0000000000	00000000	
2410	24/07/2014 02:30	0000000772	0000000000	0000000364	0000000000	0000000000	0000000000	00000000	
2411	24/07/2014 02:45	0000000768	0000000000	0000000372	0000000000	0000000000	0000000000	00000000	
2412	24/07/2014 03:00	0000000780	0000000000	0000000368	0000000000	0000000000	0000000000	00000000	
2413	24/07/2014 03:15	0000000764	0000000000	0000000332	0000000000	0000000000	0000000000	00000000	
2414	24/07/2014 03:30	0000000772	0000000000	0000000348	0000000000	0000000000	0000000000	00000000	
2415	24/07/2014 03:45	0000000768	0000000000	0000000340	0000000000	0000000000	0000000000	00000000	
2416	24/07/2014 04:00	0000000772	0000000000	0000000352	0000000000	0000000000	0000000000	00000000	
2417	24/07/2014 04:15	0000000768	0000000000	0000000332	0000000000	0000000000	0000000000	00000000	
2418	24/07/2014 04:30	0000000768	0000000000	0000000344	0000000000	0000000000	0000000000	00000000	
2419	24/07/2014 04:45	0000000768	0000000000	0000000344	0000000000	0000000000	0000000000	00000000	
2420	24/07/2014 05:00	0000000772	0000000000	0000000328	0000000000	0000000000	0000000000	00000000	
2421	24/07/2014 05:15	0000000772	0000000000	0000000344	0000000000	0000000000	0000000000	00000000	
2422	24/07/2014 05:30	0000000768	0000000000	0000000332	0000000000	0000000000	0000000000	00000000	
2423	24/07/2014 05:45	0000000780	0000000000	0000000340	0000000000	0000000000	0000000000	00000000	
2424	24/07/2014 06:00	0000000776	0000000000	0000000328	0000000000	0000000000	0000000000	00000000	
2425	24/07/2014 06:15	0000000780	0000000000	0000000336	0000000000	0000000000	0000000000	00000000	
2426	24/07/2014 06:30	0000000780	0000000000	0000000328	0000000000	0000000000	0000000000	00000000	
2427	24/07/2014 06:45	0000000904	0000000000	0000000364	0000000000	0000000000	0000000000	00000000	
2428	24/07/2014 07:00	0000000888	0000000000	0000000320	0000000000	0000000000	0000000000	00000000	
2425	24/07/2014 06:15	0000000780	0000000000	0000000336	0000000000	0000000000	0000000000	00000000	
2426	24/07/2014 06:30	0000000780	0000000000	0000000328	0000000000	0000000000	0000000000	00000000	
2427	24/07/2014 06:45	0000000904	0000000000	0000000364	0000000000	0000000000	0000000000	00000000	
2428	24/07/2014 07:00	0000000888	0000000000	0000000320	0000000000	0000000000	0000000000	00000000	
2429	24/07/2014 07:15	0000000828	0000000000	0000000332	0000000000	0000000000	0000000000	00000000	
2430	24/07/2014 07:30	0000000744	0000000000	0000000260	0000000000	0000000000	0000000000	00000000	
2431	24/07/2014 07:45	0000000692	0000000000	0000000168	0000000000	0000000000	0000000000	00000000	
2432	24/07/2014 08:00	0000000700	0000000000	0000000164	0000000000	0000000000	0000000000	00000000	
2433	24/07/2014 08:15	0000000672	0000000000	0000000156	0000000000	0000000000	0000000000	00000000	
2434	24/07/2014 08:30	0000000692	0000000000	0000000160	0000000000	0000000000	0000000000	00000000	
2435	24/07/2014 08:45	0000000708	0000000000	0000000152	0000000000	0000000000	0000000000	00000000	
2436	24/07/2014 09:00	0000000716	0000000000	0000000160	0000000000	0000000000	0000000000	00000000	
2437	24/07/2014 09:15	0000001052	0000000000	0000000196	0000000000	0000000000	0000000000	00000000	
2438	24/07/2014 09:30	0000001112	0000000000	0000000204	0000000000	0000000000	0000000000	00000000	
2439	24/07/2014 09:45	0000001132	0000000000	0000000224	0000000000	0000000000	0000000000	00000000	
2440	24/07/2014 10:00	0000001132	0000000000	0000000232	0000000000	0000000000	0000000000	00000000	
2441	24/07/2014 10:15	0000001124	0000000000	0000000232	0000000000	0000000000	0000000000	00000000	
2442	24/07/2014 10:30	0000001124	0000000000	0000000228	0000000000	0000000000	0000000000	00000000	
2443	24/07/2014 10:45	0000001112	0000000000	0000000212	0000000000	0000000000	0000000000	00000000	
2444	24/07/2014 11:00	0000001116	0000000000	0000000212	0000000000	0000000000	0000000000	00000000	
2445	24/07/2014 11:15	0000001124	0000000000	0000000224	0000000000	0000000000	0000000000	00000000	
2446	24/07/2014 11:30	0000001128	0000000000	0000000200	0000000000	0000000000	0000000000	00000000	
2447	24/07/2014 11:45	0000001112	0000000000	0000000224	0000000000	0000000000	0000000000	00000000	
2448	24/07/2014 12:00	0000001120	0000000000	0000000228	0000000000	0000000000	0000000000	00000000	
2449	24/07/2014 12:15	0000001124	0000000000	0000000220	0000000000	0000000000	0000000000	00000000	
2450	24/07/2014 12:30	0000001132	0000000000	0000000228	0000000000	0000000000	0000000000	00000000	
2451	24/07/2014 12:45	0000001124	0000000000	0000000228	0000000000	0000000000	0000000000	00000000	
2452	24/07/2014 13:00	0000001120	0000000000	0000000252	0000000000	0000000000	0000000000	00000000	
2453	24/07/2014 13:15	0000000996	0000000000	0000000464	0000000000	0000000000	0000000000	00000000	
2454	24/07/2014 13:30	0000001336	0000000000	0000000452	0000000000	0000000000	0000000000	00000000	
2455	24/07/2014 13:45	0000001296	0000000000	0000000436	0000000000	0000000000	0000000000	00000000	
2456	24/07/2014 14:00	0000001072	0000000000	0000000420	0000000000	0000000000	0000000000	00000000	
2457	24/07/2014 14:15	0000001172	0000000000	0000000548	0000000000	0000000000	0000000000	00000000	
2458	24/07/2014 14:30	0000000868	0000000000	0000000452	0000000000	0000000000	0000000000	00000000	
2459	24/07/2014 14:45	0000000852	0000000000	0000000432	0000000000	0000000000	0000000000	00000000	
2460	24/07/2014 15:00	0000000848	0000000000	0000000436	0000000000	0000000000	0000000000	00000000	
2461	24/07/2014 15:15	0000000848	0000000000	0000000432	0000000000	0000000000	0000000000	00000000	
2462	24/07/2014 15:30	0000000844	0000000000	0000000424	0000000000	0000000000	0000000000	00000000	
2463	24/07/2014 15:45	0000000836	0000000000	0000000408	0000000000	0000000000	0000000000	00000000	
2464	24/07/2014 16:00	0000000828	0000000000	0000000408	0000000000	0000000000	0000000000	00000000	
2465	24/07/2014 16:15	0000000852	0000000000	0000000416	0000000000	0000000000	0000000000	00000000	
2466	24/07/2014 16:30	0000000860	0000000000	0000000412	0000000000	0000000000	0000000000	00000000	
2467	24/07/2014 16:45	0000000872	0000000000	0000000424	0000000000	0000000000	0000000000	00000000	
2468	24/07/2014 17:00	0000000864	0000000000	0000000416	0000000000	0000000000	0000000000	00000000	
2469	24/07/2014 17:15	0000000872	0000000000	0000000420	0000000000	0000000000	0000000000	00000000	
2470	24/07/2014 17:30	0000000872	0000000000	0000000416	0000000000	0000000000	0000000000	00000000	
2471	24/07/2014 17:45	0000001112	0000000000	0000000496	0000000000	0000000000	0000000000	00000000	
2472	24/07/2014 18:00	0000001204	0000000000	0000000516	0000000000	0000000000	0000000000	00000000	
2473	24/07/2014 18:15	0000001168	0000000000	0000000488	0000000000	0000000000	0000000000	00000000	
2474	24/07/2014 18:30	0000000716	0000000000	0000000168	0000000000	0000000000	0000000000	00000000	
2475	24/07/2014 18:45	0000000652	0000000000	0000000152	0000000000	0000000000	0000000000	00000000	
2476	24/07/2014 19:00	0000000648	0000000000	0000000156	0000000000	0000000000	0000000000	00000000	
2477	24/07/2014 19:15	0000000616	0000000000	0000000148	0000000000	0000000000	0000000004	00000000	
2478	24/07/2014 19:30	0000000964	0000000000	0000000164	0000000000	0000000000	0000000000	00000000	
2479	24/07/2014 19:45	0000001072	0000000000	0000000144	0000000000	0000000000	0000000000	00000000	
2480	24/07/2014 20:00	0000000948	0000000000	0000000140	0000000000	0000000000	0000000000	00000000	
2481	24/07/2014 20:15	0000001084	0000000000	0000000160	0000000000	0000000000	0000000000	00000000	
2482	24/07/2014 20:30	0000001112	0000000000	0000000168	0000000000	0000000000	0000000000	00000000	
2483	24/07/2014 20:45	0000001016	0000000000	0000000160	0000000000	0000000000	0000000000	00000000	
2484	24/07/2014 21:00	0000001024	0000000000	0000000356	0000000000	0000000000	0000000008	00000000	
2485	24/07/2014 21:15	0000001204	0000000000	0000000492	0000000000	0000000000	0000000000	00000000	
2486	24/07/2014 21:30	0000001184	0000000000	0000000500	0000000000	0000000000	0000000000	00000000	
2487	24/07/2014 21:45	0000001192	0000000000	0000000484	0000000000	0000000000	0000000000	00000000	
2488	24/07/2014 22:00	0000001168	0000000000	0000000444	0000000000	0000000000	0000000000	00000000	
2489	24/07/2014 22:15	0000001152	0000000000	0000000428	0000000000	0000000000	0000000000	00000000	
2490	24/07/2014 22:30	0000001148	0000000000	0000000412	0000000000	0000000000	0000000000	00000000	
2491	24/07/2014 22:45	0000001148	0000000000	0000000436	0000000000	0000000000	0000000000	00000000	
2492	24/07/2014 23:00	0000001148	0000000000	0000000440	0000000000	0000000000	0000000000	00000000	
2489	24/07/2014 22:15	0000001152	0000000000	0000000428	0000000000	0000000000	0000000000	00000000	
2490	24/07/2014 22:30	0000001148	0000000000	0000000412	0000000000	0000000000	0000000000	00000000	
2491	24/07/2014 22:45	0000001148	0000000000	0000000436	0000000000	0000000000	0000000000	00000000	
2492	24/07/2014 23:00	0000001148	0000000000	0000000440	0000000000	0000000000	0000000000	00000000	
2493	24/07/2014 23:15	0000001144	0000000000	0000000448	0000000000	0000000000	0000000000	00000000	
2494	24/07/2014 23:30	0000001144	0000000000	0000000448	0000000000	0000000000	0000000000	00000000	
2495	24/07/2014 23:45	0000001140	0000000000	0000000460	0000000000	0000000000	0000000000	00000000	
