270	27/08/2014 00:00	0000000668	0000000000	0000000140	0000000000	0000000000	0000000000	00000000	
271	27/08/2014 00:15	0000000668	0000000000	0000000148	0000000000	0000000000	0000000000	00000000	
272	27/08/2014 00:30	0000000668	0000000000	0000000140	0000000000	0000000000	0000000000	00000000	
273	27/08/2014 00:45	0000000664	0000000000	0000000144	0000000000	0000000000	0000000000	00000000	
274	27/08/2014 01:00	0000000668	0000000000	0000000152	0000000000	0000000000	0000000000	00000000	
275	27/08/2014 01:15	0000000664	0000000000	0000000160	0000000000	0000000000	0000000000	00000000	
272	27/08/2014 00:30	0000000668	0000000000	0000000140	0000000000	0000000000	0000000000	00000000	
273	27/08/2014 00:45	0000000664	0000000000	0000000144	0000000000	0000000000	0000000000	00000000	
274	27/08/2014 01:00	0000000668	0000000000	0000000152	0000000000	0000000000	0000000000	00000000	
275	27/08/2014 01:15	0000000664	0000000000	0000000160	0000000000	0000000000	0000000000	00000000	
276	27/08/2014 01:30	0000000668	0000000000	0000000144	0000000000	0000000000	0000000000	00000000	
277	27/08/2014 01:45	0000000664	0000000000	0000000132	0000000000	0000000000	0000000000	00000000	
278	27/08/2014 02:00	0000000668	0000000000	0000000144	0000000000	0000000000	0000000000	00000000	
279	27/08/2014 02:15	0000000668	0000000000	0000000144	0000000000	0000000000	0000000000	00000000	
2710	27/08/2014 02:30	0000000664	0000000000	0000000144	0000000000	0000000000	0000000000	00000000	
2711	27/08/2014 02:45	0000000668	0000000000	0000000152	0000000000	0000000000	0000000000	00000000	
2712	27/08/2014 03:00	0000000668	0000000000	0000000152	0000000000	0000000000	0000000000	00000000	
2713	27/08/2014 03:15	0000000664	0000000000	0000000152	0000000000	0000000000	0000000000	00000000	
2714	27/08/2014 03:30	0000000664	0000000000	0000000152	0000000000	0000000000	0000000000	00000000	
2715	27/08/2014 03:45	0000000664	0000000000	0000000132	0000000000	0000000000	0000000000	00000000	
2716	27/08/2014 04:00	0000000660	0000000000	0000000136	0000000000	0000000000	0000000000	00000000	
2717	27/08/2014 04:15	0000000664	0000000000	0000000128	0000000000	0000000000	0000000000	00000000	
2718	27/08/2014 04:30	0000000660	0000000000	0000000116	0000000000	0000000000	0000000000	00000000	
2719	27/08/2014 04:45	0000000664	0000000000	0000000116	0000000000	0000000000	0000000000	00000000	
2720	27/08/2014 05:00	0000000656	0000000000	0000000136	0000000000	0000000000	0000000000	00000000	
2721	27/08/2014 05:15	0000000664	0000000000	0000000160	0000000000	0000000000	0000000000	00000000	
2722	27/08/2014 05:30	0000000656	0000000000	0000000148	0000000000	0000000000	0000000000	00000000	
2723	27/08/2014 05:45	0000000664	0000000000	0000000156	0000000000	0000000000	0000000000	00000000	
2724	27/08/2014 06:00	0000000664	0000000000	0000000156	0000000000	0000000000	0000000000	00000000	
2725	27/08/2014 06:15	0000000664	0000000000	0000000148	0000000000	0000000000	0000000000	00000000	
2726	27/08/2014 06:30	0000000664	0000000000	0000000148	0000000000	0000000000	0000000000	00000000	
2727	27/08/2014 06:45	0000000664	0000000000	0000000140	0000000000	0000000000	0000000000	00000000	
2728	27/08/2014 07:00	0000000664	0000000000	0000000140	0000000000	0000000000	0000000000	00000000	
2725	27/08/2014 06:15	0000000664	0000000000	0000000148	0000000000	0000000000	0000000000	00000000	
2726	27/08/2014 06:30	0000000664	0000000000	0000000148	0000000000	0000000000	0000000000	00000000	
2727	27/08/2014 06:45	0000000664	0000000000	0000000140	0000000000	0000000000	0000000000	00000000	
2728	27/08/2014 07:00	0000000664	0000000000	0000000140	0000000000	0000000000	0000000000	00000000	
2729	27/08/2014 07:15	0000000728	0000000000	0000000220	0000000000	0000000000	0000000000	00000000	
2730	27/08/2014 07:30	0000000832	0000000000	0000000324	0000000000	0000000000	0000000000	00000000	
2731	27/08/2014 07:45	0000000820	0000000000	0000000316	0000000000	0000000000	0000000000	00000000	
2732	27/08/2014 08:00	0000000824	0000000000	0000000316	0000000000	0000000000	0000000000	00000000	
2733	27/08/2014 08:15	0000000740	0000000000	0000000216	0000000000	0000000000	0000000000	00000000	
2734	27/08/2014 08:30	0000000684	0000000000	0000000080	0000000000	0000000000	0000000000	00000000	
2735	27/08/2014 08:45	0000000688	0000000000	0000000088	0000000000	0000000000	0000000000	00000000	
2736	27/08/2014 09:00	0000000684	0000000000	0000000084	0000000000	0000000000	0000000000	00000000	
2737	27/08/2014 09:15	0000000688	0000000000	0000000084	0000000000	0000000000	0000000000	00000000	
2738	27/08/2014 09:30	0000000728	0000000000	0000000100	0000000000	0000000000	0000000000	00000000	
2739	27/08/2014 09:45	0000000748	0000000000	0000000108	0000000000	0000000000	0000000000	00000000	
2740	27/08/2014 10:00	0000000980	0000000000	0000000164	0000000000	0000000000	0000000000	00000000	
2741	27/08/2014 10:15	0000001124	0000000000	0000000192	0000000000	0000000000	0000000000	00000000	
2742	27/08/2014 10:30	0000001136	0000000000	0000000192	0000000000	0000000000	0000000000	00000000	
2743	27/08/2014 10:45	0000001124	0000000000	0000000188	0000000000	0000000000	0000000000	00000000	
2744	27/08/2014 11:00	0000001124	0000000000	0000000176	0000000000	0000000000	0000000000	00000000	
2745	27/08/2014 11:15	0000001120	0000000000	0000000184	0000000000	0000000000	0000000000	00000000	
2746	27/08/2014 11:30	0000001112	0000000000	0000000164	0000000000	0000000000	0000000000	00000000	
2747	27/08/2014 11:45	0000001120	0000000000	0000000180	0000000000	0000000000	0000000000	00000000	
2748	27/08/2014 12:00	0000001208	0000000000	0000000376	0000000000	0000000000	0000000000	00000000	
2749	27/08/2014 12:15	0000001276	0000000000	0000000472	0000000000	0000000000	0000000000	00000000	
2750	27/08/2014 12:30	0000001276	0000000000	0000000468	0000000000	0000000000	0000000000	00000000	
2751	27/08/2014 12:45	0000001268	0000000000	0000000456	0000000000	0000000000	0000000000	00000000	
2752	27/08/2014 13:00	0000001272	0000000000	0000000472	0000000000	0000000000	0000000000	00000000	
2753	27/08/2014 13:15	0000001268	0000000000	0000000464	0000000000	0000000000	0000000000	00000000	
2754	27/08/2014 13:30	0000001192	0000000000	0000000396	0000000000	0000000000	0000000000	00000000	
2755	27/08/2014 13:45	0000001112	0000000000	0000000168	0000000000	0000000000	0000000000	00000000	
2756	27/08/2014 14:00	0000001108	0000000000	0000000172	0000000000	0000000000	0000000000	00000000	
2757	27/08/2014 14:15	0000001104	0000000000	0000000180	0000000000	0000000000	0000000000	00000000	
2758	27/08/2014 14:30	0000001100	0000000000	0000000180	0000000000	0000000000	0000000000	00000000	
2759	27/08/2014 14:45	0000001096	0000000000	0000000176	0000000000	0000000000	0000000000	00000000	
2760	27/08/2014 15:00	0000001100	0000000000	0000000180	0000000000	0000000000	0000000000	00000000	
2761	27/08/2014 15:15	0000001108	0000000000	0000000192	0000000000	0000000000	0000000000	00000000	
2762	27/08/2014 15:30	0000001104	0000000000	0000000184	0000000000	0000000000	0000000000	00000000	
2763	27/08/2014 15:45	0000001108	0000000000	0000000180	0000000000	0000000000	0000000000	00000000	
2764	27/08/2014 16:00	0000001104	0000000000	0000000172	0000000000	0000000000	0000000000	00000000	
2765	27/08/2014 16:15	0000001104	0000000000	0000000164	0000000000	0000000000	0000000000	00000000	
2766	27/08/2014 16:30	0000001112	0000000000	0000000264	0000000000	0000000000	0000000000	00000000	
2767	27/08/2014 16:45	0000000992	0000000000	0000000400	0000000000	0000000000	0000000000	00000000	
2768	27/08/2014 17:00	0000001412	0000000000	0000000448	0000000000	0000000000	0000000000	00000000	
2769	27/08/2014 17:15	0000001696	0000000000	0000000492	0000000000	0000000000	0000000000	00000000	
2770	27/08/2014 17:30	0000001596	0000000000	0000000480	0000000000	0000000000	0000000000	00000000	
2771	27/08/2014 17:45	0000001272	0000000000	0000000448	0000000000	0000000000	0000000000	00000000	
2772	27/08/2014 18:00	0000001208	0000000000	0000000464	0000000000	0000000000	0000000000	00000000	
2773	27/08/2014 18:15	0000001156	0000000000	0000000472	0000000000	0000000000	0000000000	00000000	
2774	27/08/2014 18:30	0000001212	0000000000	0000000488	0000000000	0000000000	0000000000	00000000	
2775	27/08/2014 18:45	0000001212	0000000000	0000000472	0000000000	0000000000	0000000000	00000000	
2776	27/08/2014 19:00	0000001192	0000000000	0000000472	0000000000	0000000000	0000000000	00000000	
2777	27/08/2014 19:15	0000001088	0000000000	0000000232	0000000000	0000000000	0000000000	00000000	
2778	27/08/2014 19:30	0000001072	0000000000	0000000192	0000000000	0000000000	0000000000	00000000	
2779	27/08/2014 19:45	0000001068	0000000000	0000000188	0000000000	0000000000	0000000000	00000000	
2780	27/08/2014 20:00	0000001044	0000000000	0000000160	0000000000	0000000000	0000000000	00000000	
2781	27/08/2014 20:15	0000001040	0000000000	0000000164	0000000000	0000000000	0000000000	00000000	
2782	27/08/2014 20:30	0000001032	0000000000	0000000160	0000000000	0000000000	0000000000	00000000	
2783	27/08/2014 20:45	0000001028	0000000000	0000000156	0000000000	0000000000	0000000000	00000000	
2784	27/08/2014 21:00	0000001028	0000000000	0000000140	0000000000	0000000000	0000000000	00000000	
2785	27/08/2014 21:15	0000001036	0000000000	0000000148	0000000000	0000000000	0000000000	00000000	
2786	27/08/2014 21:30	0000001084	0000000000	0000000260	0000000000	0000000000	0000000000	00000000	
2787	27/08/2014 21:45	0000001168	0000000000	0000000480	0000000000	0000000000	0000000000	00000000	
2788	27/08/2014 22:00	0000001156	0000000000	0000000468	0000000000	0000000000	0000000000	00000000	
2789	27/08/2014 22:15	0000001160	0000000000	0000000476	0000000000	0000000000	0000000000	00000000	
2790	27/08/2014 22:30	0000001168	0000000000	0000000500	0000000000	0000000000	0000000000	00000000	
2791	27/08/2014 22:45	0000001164	0000000000	0000000500	0000000000	0000000000	0000000000	00000000	
2792	27/08/2014 23:00	0000001132	0000000000	0000000476	0000000000	0000000000	0000000000	00000000	
2793	27/08/2014 23:15	0000001040	0000000000	0000000212	0000000000	0000000000	0000000000	00000000	
2794	27/08/2014 23:30	0000001032	0000000000	0000000204	0000000000	0000000000	0000000000	00000000	
2795	27/08/2014 23:45	0000001028	0000000000	0000000196	0000000000	0000000000	0000000000	00000000	
