280	28/07/2014 00:00	0000000452	0000000000	0000000132	0000000000	0000000000	0000000000	00000000	
281	28/07/2014 00:15	0000000448	0000000000	0000000136	0000000000	0000000000	0000000000	00000000	
282	28/07/2014 00:30	0000000452	0000000000	0000000128	0000000000	0000000000	0000000000	00000000	
283	28/07/2014 00:45	0000000416	0000000000	0000000132	0000000000	0000000000	0000000000	00000000	
280	28/07/2014 00:00	0000000452	0000000000	0000000132	0000000000	0000000000	0000000000	00000000	
281	28/07/2014 00:15	0000000448	0000000000	0000000136	0000000000	0000000000	0000000000	00000000	
282	28/07/2014 00:30	0000000452	0000000000	0000000128	0000000000	0000000000	0000000000	00000000	
283	28/07/2014 00:45	0000000416	0000000000	0000000132	0000000000	0000000000	0000000000	00000000	
284	28/07/2014 01:00	0000000136	0000000000	0000000120	0000000000	0000000000	0000000000	00000000	
285	28/07/2014 01:15	0000000120	0000000000	0000000140	0000000000	0000000000	0000000000	00000000	
286	28/07/2014 01:30	0000000124	0000000000	0000000144	0000000000	0000000000	0000000000	00000000	
287	28/07/2014 01:45	0000000116	0000000000	0000000144	0000000000	0000000000	0000000000	00000000	
288	28/07/2014 02:00	0000000124	0000000000	0000000148	0000000000	0000000000	0000000000	00000000	
289	28/07/2014 02:15	0000000120	0000000000	0000000148	0000000000	0000000000	0000000000	00000000	
2810	28/07/2014 02:30	0000000120	0000000000	0000000152	0000000000	0000000000	0000000000	00000000	
2811	28/07/2014 02:45	0000000120	0000000000	0000000152	0000000000	0000000000	0000000000	00000000	
2812	28/07/2014 03:00	0000000116	0000000000	0000000156	0000000000	0000000000	0000000000	00000000	
2813	28/07/2014 03:15	0000000124	0000000000	0000000156	0000000000	0000000000	0000000000	00000000	
2814	28/07/2014 03:30	0000000116	0000000000	0000000152	0000000000	0000000000	0000000000	00000000	
2815	28/07/2014 03:45	0000000116	0000000000	0000000148	0000000000	0000000000	0000000000	00000000	
2816	28/07/2014 04:00	0000000124	0000000000	0000000156	0000000000	0000000000	0000000000	00000000	
2817	28/07/2014 04:15	0000000120	0000000000	0000000152	0000000000	0000000000	0000000000	00000000	
2818	28/07/2014 04:30	0000000120	0000000000	0000000156	0000000000	0000000000	0000000000	00000000	
2819	28/07/2014 04:45	0000000116	0000000000	0000000156	0000000000	0000000000	0000000000	00000000	
2820	28/07/2014 05:00	0000000120	0000000000	0000000156	0000000000	0000000000	0000000000	00000000	
2821	28/07/2014 05:15	0000000120	0000000000	0000000156	0000000000	0000000000	0000000000	00000000	
2822	28/07/2014 05:30	0000000116	0000000000	0000000144	0000000000	0000000000	0000000000	00000000	
2823	28/07/2014 05:45	0000000120	0000000000	0000000140	0000000000	0000000000	0000000000	00000000	
2824	28/07/2014 06:00	0000000128	0000000000	0000000144	0000000000	0000000000	0000000000	00000000	
2825	28/07/2014 06:15	0000000124	0000000000	0000000140	0000000000	0000000000	0000000000	00000000	
2826	28/07/2014 06:30	0000000140	0000000000	0000000148	0000000000	0000000000	0000000000	00000000	
2827	28/07/2014 06:45	0000000188	0000000000	0000000176	0000000000	0000000000	0000000000	00000000	
2828	28/07/2014 07:00	0000000260	0000000000	0000000128	0000000000	0000000000	0000000004	00000000	
2825	28/07/2014 06:15	0000000124	0000000000	0000000140	0000000000	0000000000	0000000000	00000000	
2826	28/07/2014 06:30	0000000140	0000000000	0000000148	0000000000	0000000000	0000000000	00000000	
2827	28/07/2014 06:45	0000000188	0000000000	0000000176	0000000000	0000000000	0000000000	00000000	
2828	28/07/2014 07:00	0000000260	0000000000	0000000128	0000000000	0000000000	0000000004	00000000	
2829	28/07/2014 07:15	0000000332	0000000000	0000000192	0000000000	0000000000	0000000000	00000000	
2830	28/07/2014 07:30	0000000708	0000000000	0000000176	0000000000	0000000000	0000000000	00000000	
2831	28/07/2014 07:45	0000000712	0000000000	0000000156	0000000000	0000000000	0000000000	00000000	
2832	28/07/2014 08:00	0000000704	0000000000	0000000148	0000000000	0000000000	0000000000	00000000	
2833	28/07/2014 08:15	0000000704	0000000000	0000000136	0000000000	0000000000	0000000000	00000000	
2834	28/07/2014 08:30	0000000700	0000000000	0000000112	0000000000	0000000000	0000000000	00000000	
2835	28/07/2014 08:45	0000000936	0000000000	0000000288	0000000000	0000000000	0000000000	00000000	
2836	28/07/2014 09:00	0000001340	0000000000	0000000404	0000000000	0000000000	0000000000	00000000	
2837	28/07/2014 09:15	0000001316	0000000000	0000000392	0000000000	0000000000	0000000000	00000000	
2838	28/07/2014 09:30	0000001340	0000000000	0000000392	0000000000	0000000000	0000000000	00000000	
2839	28/07/2014 09:45	0000001328	0000000000	0000000412	0000000000	0000000000	0000000000	00000000	
2840	28/07/2014 10:00	0000001196	0000000000	0000000380	0000000000	0000000000	0000000000	00000000	
2841	28/07/2014 10:15	0000001136	0000000000	0000000408	0000000000	0000000000	0000000000	00000000	
2842	28/07/2014 10:30	0000001288	0000000000	0000000476	0000000000	0000000000	0000000000	00000000	
2843	28/07/2014 10:45	0000001268	0000000000	0000000484	0000000000	0000000000	0000000000	00000000	
2844	28/07/2014 11:00	0000001260	0000000000	0000000468	0000000000	0000000000	0000000000	00000000	
2845	28/07/2014 11:15	0000001276	0000000000	0000000480	0000000000	0000000000	0000000000	00000000	
2846	28/07/2014 11:30	0000001280	0000000000	0000000476	0000000000	0000000000	0000000000	00000000	
2847	28/07/2014 11:45	0000001292	0000000000	0000000484	0000000000	0000000000	0000000000	00000000	
2848	28/07/2014 12:00	0000001296	0000000000	0000000484	0000000000	0000000000	0000000000	00000000	
2849	28/07/2014 12:15	0000001300	0000000000	0000000488	0000000000	0000000000	0000000000	00000000	
2850	28/07/2014 12:30	0000001284	0000000000	0000000480	0000000000	0000000000	0000000000	00000000	
2851	28/07/2014 12:45	0000001272	0000000000	0000000488	0000000000	0000000000	0000000000	00000000	
2852	28/07/2014 13:00	0000001284	0000000000	0000000496	0000000000	0000000000	0000000000	00000000	
2853	28/07/2014 13:15	0000001280	0000000000	0000000500	0000000000	0000000000	0000000000	00000000	
2854	28/07/2014 13:30	0000001280	0000000000	0000000496	0000000000	0000000000	0000000000	00000000	
2855	28/07/2014 13:45	0000001304	0000000000	0000000508	0000000000	0000000000	0000000000	00000000	
2856	28/07/2014 14:00	0000001292	0000000000	0000000516	0000000000	0000000000	0000000000	00000000	
2857	28/07/2014 14:15	0000001324	0000000000	0000000572	0000000000	0000000000	0000000000	00000000	
2858	28/07/2014 14:30	0000001320	0000000000	0000000576	0000000000	0000000000	0000000000	00000000	
2859	28/07/2014 14:45	0000001320	0000000000	0000000580	0000000000	0000000000	0000000000	00000000	
2860	28/07/2014 15:00	0000001328	0000000000	0000000596	0000000000	0000000000	0000000000	00000000	
2861	28/07/2014 15:15	0000001320	0000000000	0000000576	0000000000	0000000000	0000000000	00000000	
2862	28/07/2014 15:30	0000001328	0000000000	0000000564	0000000000	0000000000	0000000000	00000000	
2863	28/07/2014 15:45	0000001288	0000000000	0000000564	0000000000	0000000000	0000000000	00000000	
2864	28/07/2014 16:00	0000001268	0000000000	0000000568	0000000000	0000000000	0000000000	00000000	
2865	28/07/2014 16:15	0000001268	0000000000	0000000560	0000000000	0000000000	0000000000	00000000	
2866	28/07/2014 16:30	0000001268	0000000000	0000000552	0000000000	0000000000	0000000000	00000000	
2867	28/07/2014 16:45	0000001264	0000000000	0000000544	0000000000	0000000000	0000000000	00000000	
2868	28/07/2014 17:00	0000001232	0000000000	0000000500	0000000000	0000000000	0000000000	00000000	
2869	28/07/2014 17:15	0000001292	0000000000	0000000440	0000000000	0000000000	0000000000	00000000	
2870	28/07/2014 17:30	0000001324	0000000000	0000000436	0000000000	0000000000	0000000000	00000000	
2871	28/07/2014 17:45	0000001328	0000000000	0000000436	0000000000	0000000000	0000000000	00000000	
2872	28/07/2014 18:00	0000001268	0000000000	0000000432	0000000000	0000000000	0000000000	00000000	
2873	28/07/2014 18:15	0000000948	0000000000	0000000360	0000000000	0000000000	0000000000	00000000	
2874	28/07/2014 18:30	0000000988	0000000000	0000000416	0000000000	0000000000	0000000000	00000000	
2875	28/07/2014 18:45	0000001320	0000000000	0000000524	0000000000	0000000000	0000000000	00000000	
2876	28/07/2014 19:00	0000001324	0000000000	0000000528	0000000000	0000000000	0000000000	00000000	
2877	28/07/2014 19:15	0000001324	0000000000	0000000524	0000000000	0000000000	0000000000	00000000	
2878	28/07/2014 19:30	0000001308	0000000000	0000000524	0000000000	0000000000	0000000000	00000000	
2879	28/07/2014 19:45	0000001304	0000000000	0000000516	0000000000	0000000000	0000000000	00000000	
2880	28/07/2014 20:00	0000001304	0000000000	0000000516	0000000000	0000000000	0000000000	00000000	
2881	28/07/2014 20:15	0000001324	0000000000	0000000544	0000000000	0000000000	0000000000	00000000	
2882	28/07/2014 20:30	0000001328	0000000000	0000000548	0000000000	0000000000	0000000000	00000000	
2883	28/07/2014 20:45	0000001332	0000000000	0000000552	0000000000	0000000000	0000000000	00000000	
2884	28/07/2014 21:00	0000001336	0000000000	0000000560	0000000000	0000000000	0000000000	00000000	
2885	28/07/2014 21:15	0000001312	0000000000	0000000540	0000000000	0000000000	0000000000	00000000	
2886	28/07/2014 21:30	0000001308	0000000000	0000000540	0000000000	0000000000	0000000000	00000000	
2887	28/07/2014 21:45	0000001332	0000000000	0000000536	0000000000	0000000000	0000000000	00000000	
2888	28/07/2014 22:00	0000001252	0000000000	0000000492	0000000000	0000000000	0000000000	00000000	
2889	28/07/2014 22:15	0000000952	0000000000	0000000184	0000000000	0000000000	0000000000	00000000	
2890	28/07/2014 22:30	0000000716	0000000000	0000000148	0000000000	0000000000	0000000000	00000000	
2891	28/07/2014 22:45	0000000708	0000000000	0000000164	0000000000	0000000000	0000000000	00000000	
2892	28/07/2014 23:00	0000000700	0000000000	0000000160	0000000000	0000000000	0000000000	00000000	
2893	28/07/2014 23:15	0000000696	0000000000	0000000160	0000000000	0000000000	0000000000	00000000	
2890	28/07/2014 22:30	0000000716	0000000000	0000000148	0000000000	0000000000	0000000000	00000000	
2891	28/07/2014 22:45	0000000708	0000000000	0000000164	0000000000	0000000000	0000000000	00000000	
2892	28/07/2014 23:00	0000000700	0000000000	0000000160	0000000000	0000000000	0000000000	00000000	
2893	28/07/2014 23:15	0000000696	0000000000	0000000160	0000000000	0000000000	0000000000	00000000	
2894	28/07/2014 23:30	0000000704	0000000000	0000000168	0000000000	0000000000	0000000000	00000000	
2895	28/07/2014 23:45	0000000708	0000000000	0000000176	0000000000	0000000000	0000000000	00000000	
