280	28/09/2012 00:00	0000000116	0000000000	0000000000	0000000000	0000000000	0000000052	00000000	
281	28/09/2012 00:15	0000000116	0000000000	0000000000	0000000000	0000000000	0000000052	00000000	
282	28/09/2012 00:30	0000000112	0000000000	0000000000	0000000000	0000000000	0000000044	00000000	
283	28/09/2012 00:45	0000000112	0000000000	0000000000	0000000000	0000000000	0000000056	00000000	
284	28/09/2012 01:00	0000000112	0000000000	0000000000	0000000000	0000000000	0000000052	00000000	
285	28/09/2012 01:15	0000000116	0000000000	0000000000	0000000000	0000000000	0000000048	00000000	
286	28/09/2012 01:30	0000000112	0000000000	0000000000	0000000000	0000000000	0000000036	00000000	
287	28/09/2012 01:45	0000000120	0000000000	0000000000	0000000000	0000000000	0000000052	00000000	
288	28/09/2012 02:00	0000000108	0000000000	0000000000	0000000000	0000000000	0000000044	00000000	
289	28/09/2012 02:15	0000000116	0000000000	0000000000	0000000000	0000000000	0000000052	00000000	
2810	28/09/2012 02:30	0000000132	0000000000	0000000000	0000000000	0000000000	0000000060	00000000	
2811	28/09/2012 02:45	0000000120	0000000000	0000000000	0000000000	0000000000	0000000048	00000000	
2812	28/09/2012 03:00	0000000120	0000000000	0000000000	0000000000	0000000000	0000000044	00000000	
2813	28/09/2012 03:15	0000000112	0000000000	0000000000	0000000000	0000000000	0000000040	00000000	
2814	28/09/2012 03:30	0000000060	0000000000	0000000000	0000000000	0000000000	0000000032	00000000	
2815	28/09/2012 03:45	0000000052	0000000000	0000000004	0000000000	0000000000	0000000012	00000000	
2816	28/09/2012 04:00	0000000100	0000000000	0000000000	0000000000	0000000000	0000000048	00000000	
2817	28/09/2012 04:15	0000000076	0000000000	0000000000	0000000000	0000000000	0000000032	00000000	
2818	28/09/2012 04:30	0000000084	0000000000	0000000000	0000000000	0000000000	0000000032	00000000	
2819	28/09/2012 04:45	0000000092	0000000000	0000000000	0000000000	0000000000	0000000036	00000000	
2820	28/09/2012 05:00	0000000088	0000000000	0000000000	0000000000	0000000000	0000000048	00000000	
2821	28/09/2012 05:15	0000000084	0000000000	0000000000	0000000000	0000000000	0000000048	00000000	
2822	28/09/2012 05:30	0000000124	0000000000	0000000000	0000000000	0000000000	0000000048	00000000	
2823	28/09/2012 05:45	0000000112	0000000000	0000000000	0000000000	0000000000	0000000056	00000000	
2824	28/09/2012 06:00	0000000160	0000000000	0000000000	0000000000	0000000000	0000000048	00000000	
2825	28/09/2012 06:15	0000000144	0000000000	0000000000	0000000000	0000000000	0000000072	00000000	
2826	28/09/2012 06:30	0000000148	0000000000	0000000000	0000000000	0000000000	0000000060	00000000	
2827	28/09/2012 06:45	0000000116	0000000000	0000000000	0000000000	0000000000	0000000056	00000000	
2828	28/09/2012 07:00	0000000088	0000000000	0000000000	0000000000	0000000000	0000000044	00000000	
2829	28/09/2012 07:15	0000000100	0000000000	0000000000	0000000000	0000000000	0000000044	00000000	
2830	28/09/2012 07:30	0000000120	0000000000	0000000000	0000000000	0000000000	0000000060	00000000	
2831	28/09/2012 07:45	0000000164	0000000000	0000000000	0000000000	0000000000	0000000040	00000000	
2832	28/09/2012 08:00	0000000180	0000000000	0000000000	0000000000	0000000000	0000000024	00000000	
2833	28/09/2012 08:15	0000000188	0000000000	0000000000	0000000000	0000000000	0000000020	00000000	
2834	28/09/2012 08:30	0000000188	0000000000	0000000000	0000000000	0000000000	0000000016	00000000	
2835	28/09/2012 08:45	0000000184	0000000000	0000000000	0000000000	0000000000	0000000024	00000000	
2836	28/09/2012 09:00	0000000184	0000000000	0000000000	0000000000	0000000000	0000000020	00000000	
2837	28/09/2012 09:15	0000000200	0000000000	0000000000	0000000000	0000000000	0000000012	00000000	
2838	28/09/2012 09:30	0000000180	0000000000	0000000000	0000000000	0000000000	0000000024	00000000	
2839	28/09/2012 09:45	0000000192	0000000000	0000000000	0000000000	0000000000	0000000020	00000000	
2840	28/09/2012 10:00	0000000164	0000000000	0000000000	0000000000	0000000000	0000000040	00000000	
2841	28/09/2012 10:15	0000000164	0000000000	0000000000	0000000000	0000000000	0000000044	00000000	
2842	28/09/2012 10:30	0000000160	0000000000	0000000000	0000000000	0000000000	0000000048	00000000	
2843	28/09/2012 10:45	0000000176	0000000000	0000000000	0000000000	0000000000	0000000036	00000000	
2844	28/09/2012 11:00	0000000172	0000000000	0000000000	0000000000	0000000000	0000000032	00000000	
2845	28/09/2012 11:15	0000000184	0000000000	0000000000	0000000000	0000000000	0000000028	00000000	
2846	28/09/2012 11:30	0000000184	0000000000	0000000000	0000000000	0000000000	0000000024	00000000	
2847	28/09/2012 11:45	0000000200	0000000000	0000000000	0000000000	0000000000	0000000016	00000000	
2848	28/09/2012 12:00	0000000180	0000000000	0000000000	0000000000	0000000000	0000000036	00000000	
2849	28/09/2012 12:15	0000000168	0000000000	0000000000	0000000000	0000000000	0000000052	00000000	
2850	28/09/2012 12:30	0000000160	0000000000	0000000000	0000000000	0000000000	0000000060	00000000	
2851	28/09/2012 12:45	0000000144	0000000000	0000000000	0000000000	0000000000	0000000072	00000000	
2852	28/09/2012 13:00	0000000136	0000000000	0000000000	0000000000	0000000000	0000000068	00000000	
2853	28/09/2012 13:15	0000000132	0000000000	0000000000	0000000000	0000000000	0000000056	00000000	
2854	28/09/2012 13:30	0000000144	0000000000	0000000000	0000000000	0000000000	0000000060	00000000	
2855	28/09/2012 13:45	0000000144	0000000000	0000000000	0000000000	0000000000	0000000056	00000000	
2856	28/09/2012 14:00	0000000136	0000000000	0000000000	0000000000	0000000000	0000000064	00000000	
2857	28/09/2012 14:15	0000000160	0000000000	0000000000	0000000000	0000000000	0000000048	00000000	
2858	28/09/2012 14:30	0000000164	0000000000	0000000000	0000000000	0000000000	0000000048	00000000	
2859	28/09/2012 14:45	0000000140	0000000000	0000000000	0000000000	0000000000	0000000060	00000000	
2860	28/09/2012 15:00	0000000144	0000000000	0000000000	0000000000	0000000000	0000000056	00000000	
2861	28/09/2012 15:15	0000000132	0000000000	0000000000	0000000000	0000000000	0000000064	00000000	
2862	28/09/2012 15:30	0000000164	0000000000	0000000000	0000000000	0000000000	0000000048	00000000	
2863	28/09/2012 15:45	0000000168	0000000000	0000000000	0000000000	0000000000	0000000052	00000000	
2864	28/09/2012 16:00	0000000152	0000000000	0000000000	0000000000	0000000000	0000000064	00000000	
2865	28/09/2012 16:15	0000000164	0000000000	0000000000	0000000000	0000000000	0000000056	00000000	
2866	28/09/2012 16:30	0000000156	0000000000	0000000000	0000000000	0000000000	0000000056	00000000	
2867	28/09/2012 16:45	0000000132	0000000000	0000000000	0000000000	0000000000	0000000056	00000000	
2868	28/09/2012 17:00	0000000116	0000000000	0000000000	0000000000	0000000000	0000000040	00000000	
2869	28/09/2012 17:15	0000000100	0000000000	0000000000	0000000000	0000000000	0000000048	00000000	
2870	28/09/2012 17:30	0000000072	0000000000	0000000000	0000000000	0000000000	0000000044	00000000	
2871	28/09/2012 17:45	0000000020	0000000000	0000000000	0000000000	0000000000	0000000020	00000000	
2872	28/09/2012 18:00	0000000020	0000000000	0000000000	0000000000	0000000000	0000000016	00000000	
2891	28/09/2012 22:45	0000000024	0000000000	0000000004	0000000000	0000000000	0000000020	00000000	
2892	28/09/2012 23:00	0000000016	0000000000	0000000000	0000000000	0000000000	0000000008	00000000	
2893	28/09/2012 23:15	0000000036	0000000000	0000000004	0000000000	0000000000	0000000024	00000000	
2894	28/09/2012 23:30	0000000032	0000000000	0000000000	0000000000	0000000000	0000000016	00000000	
2895	28/09/2012 23:45	0000000036	0000000000	0000000000	0000000000	0000000000	0000000024	00000000	
