100	10/09/2013 00:00	0000000024	0000000000	0000000000	0000000000	0000000000	0000000004	00000000	
101	10/09/2013 00:15	0000000020	0000000000	0000000000	0000000000	0000000000	0000000004	00000000	
102	10/09/2013 00:30	0000000024	0000000000	0000000000	0000000000	0000000000	0000000004	00000000	
103	10/09/2013 00:45	0000000020	0000000000	0000000000	0000000000	0000000000	0000000008	00000000	
104	10/09/2013 01:00	0000000020	0000000000	0000000000	0000000000	0000000000	0000000008	00000000	
105	10/09/2013 01:15	0000000020	0000000000	0000000000	0000000000	0000000000	0000000008	00000000	
106	10/09/2013 01:30	0000000020	0000000000	0000000000	0000000000	0000000000	0000000008	00000000	
107	10/09/2013 01:45	0000000020	0000000000	0000000000	0000000000	0000000000	0000000008	00000000	
108	10/09/2013 02:00	0000000024	0000000000	0000000000	0000000000	0000000000	0000000012	00000000	
109	10/09/2013 02:15	0000000020	0000000000	0000000000	0000000000	0000000000	0000000004	00000000	
1010	10/09/2013 02:30	0000000020	0000000000	0000000000	0000000000	0000000000	0000000012	00000000	
1011	10/09/2013 02:45	0000000020	0000000000	0000000000	0000000000	0000000000	0000000008	00000000	
1012	10/09/2013 03:00	0000000024	0000000000	0000000000	0000000000	0000000000	0000000008	00000000	
1013	10/09/2013 03:15	0000000020	0000000000	0000000000	0000000000	0000000000	0000000008	00000000	
1014	10/09/2013 03:30	0000000020	0000000000	0000000000	0000000000	0000000000	0000000008	00000100	
1015	10/09/2013 03:45	0000000020	0000000000	0000000000	0000000000	0000000000	0000000004	00000000	
1016	10/09/2013 04:00	0000000020	0000000000	0000000000	0000000000	0000000000	0000000008	00000000	
1017	10/09/2013 04:15	0000000024	0000000000	0000000000	0000000000	0000000000	0000000008	00000000	
1018	10/09/2013 04:30	0000000020	0000000000	0000000000	0000000000	0000000000	0000000004	00000000	
1019	10/09/2013 04:45	0000000020	0000000000	0000000000	0000000000	0000000000	0000000008	00000000	
1020	10/09/2013 05:00	0000000020	0000000000	0000000000	0000000000	0000000000	0000000004	00000000	
1021	10/09/2013 05:15	0000000020	0000000000	0000000000	0000000000	0000000000	0000000008	00000000	
1022	10/09/2013 05:30	0000000020	0000000000	0000000000	0000000000	0000000000	0000000008	00000000	
1023	10/09/2013 05:45	0000000020	0000000000	0000000000	0000000000	0000000000	0000000008	00000000	
1024	10/09/2013 06:00	0000000020	0000000000	0000000000	0000000000	0000000000	0000000008	00000000	
1025	10/09/2013 06:15	0000000024	0000000000	0000000000	0000000000	0000000000	0000000008	00000000	
1026	10/09/2013 06:30	0000000020	0000000000	0000000000	0000000000	0000000000	0000000008	00000000	
1027	10/09/2013 06:45	0000000020	0000000000	0000000000	0000000000	0000000000	0000000008	00000000	
1028	10/09/2013 07:00	0000000020	0000000000	0000000000	0000000000	0000000000	0000000012	00000000	
1029	10/09/2013 07:15	0000000020	0000000000	0000000000	0000000000	0000000000	0000000012	00000000	
1030	10/09/2013 07:30	0000000024	0000000000	0000000000	0000000000	0000000000	0000000008	00000000	
1031	10/09/2013 07:45	0000000020	0000000000	0000000000	0000000000	0000000000	0000000008	00000000	
1032	10/09/2013 08:00	0000000024	0000000000	0000000000	0000000000	0000000000	0000000008	00000000	
1033	10/09/2013 08:15	0000000024	0000000000	0000000000	0000000000	0000000000	0000000000	00000000	
1034	10/09/2013 08:30	0000000028	0000000000	0000000000	0000000000	0000000000	0000000004	00000000	
1035	10/09/2013 08:45	0000000024	0000000000	0000000000	0000000000	0000000000	0000000000	00000000	
1036	10/09/2013 09:00	0000000032	0000000000	0000000004	0000000000	0000000000	0000000004	00000000	
1037	10/09/2013 09:15	0000000028	0000000000	0000000000	0000000000	0000000000	0000000000	00000000	
1038	10/09/2013 09:30	0000000028	0000000000	0000000000	0000000000	0000000000	0000000000	00000000	
1039	10/09/2013 09:45	0000000028	0000000000	0000000000	0000000000	0000000000	0000000004	00000000	
1040	10/09/2013 10:00	0000000028	0000000000	0000000000	0000000000	0000000000	0000000004	00000000	
1041	10/09/2013 10:15	0000000028	0000000000	0000000000	0000000000	0000000000	0000000000	00000000	
1042	10/09/2013 10:30	0000000032	0000000000	0000000000	0000000000	0000000000	0000000000	00000000	
1043	10/09/2013 10:45	0000000036	0000000000	0000000004	0000000000	0000000000	0000000000	00000000	
1044	10/09/2013 11:00	0000000032	0000000000	0000000000	0000000000	0000000000	0000000000	00000000	
1045	10/09/2013 11:15	0000000028	0000000000	0000000000	0000000000	0000000000	0000000000	00000000	
1046	10/09/2013 11:30	0000000032	0000000000	0000000000	0000000000	0000000000	0000000000	00000000	
1047	10/09/2013 11:45	0000000032	0000000000	0000000004	0000000000	0000000000	0000000000	00000000	
1048	10/09/2013 12:00	0000000032	0000000000	0000000004	0000000000	0000000000	0000000000	00000000	
1049	10/09/2013 12:15	0000000032	0000000000	0000000000	0000000000	0000000000	0000000000	00000000	
1050	10/09/2013 12:30	0000000032	0000000000	0000000004	0000000000	0000000000	0000000000	00000000	
1051	10/09/2013 12:45	0000000032	0000000000	0000000004	0000000000	0000000000	0000000000	00000000	
1052	10/09/2013 13:00	0000000032	0000000000	0000000000	0000000000	0000000000	0000000000	00000000	
1053	10/09/2013 13:15	0000000032	0000000000	0000000004	0000000000	0000000000	0000000000	00000000	
1054	10/09/2013 13:30	0000000032	0000000000	0000000000	0000000000	0000000000	0000000000	00000000	
1055	10/09/2013 13:45	0000000032	0000000000	0000000004	0000000000	0000000000	0000000000	00000000	
1056	10/09/2013 14:00	0000000028	0000000000	0000000000	0000000000	0000000000	0000000000	00000000	
1057	10/09/2013 14:15	0000000036	0000000000	0000000008	0000000000	0000000000	0000000000	00000000	
1058	10/09/2013 14:30	0000000036	0000000000	0000000008	0000000000	0000000000	0000000000	00000000	
1059	10/09/2013 14:45	0000000032	0000000000	0000000004	0000000000	0000000000	0000000000	00000000	
1060	10/09/2013 15:00	0000000036	0000000000	0000000004	0000000000	0000000000	0000000000	00000000	
1061	10/09/2013 15:15	0000000032	0000000000	0000000004	0000000000	0000000000	0000000000	00000000	
1062	10/09/2013 15:30	0000000032	0000000000	0000000004	0000000000	0000000000	0000000000	00000000	
1063	10/09/2013 15:45	0000000032	0000000000	0000000000	0000000000	0000000000	0000000000	00000000	
1064	10/09/2013 16:00	0000000036	0000000000	0000000000	0000000000	0000000000	0000000000	00000000	
1065	10/09/2013 16:15	0000000032	0000000000	0000000004	0000000000	0000000000	0000000004	00000000	
1066	10/09/2013 16:30	0000000036	0000000000	0000000000	0000000000	0000000000	0000000000	00000000	
1067	10/09/2013 16:45	0000000032	0000000000	0000000000	0000000000	0000000000	0000000000	00000000	
1068	10/09/2013 17:00	0000000036	0000000000	0000000000	0000000000	0000000000	0000000000	00000000	
1069	10/09/2013 17:15	0000000036	0000000000	0000000004	0000000000	0000000000	0000000000	00000000	
1070	10/09/2013 17:30	0000000032	0000000000	0000000000	0000000000	0000000000	0000000000	00000000	
1071	10/09/2013 17:45	0000000036	0000000000	0000000004	0000000000	0000000000	0000000000	00000000	
1072	10/09/2013 18:00	0000000036	0000000000	0000000000	0000000000	0000000000	0000000000	00000000	
1073	10/09/2013 18:15	0000000036	0000000000	0000000004	0000000000	0000000000	0000000000	00000000	
1074	10/09/2013 18:30	0000000032	0000000000	0000000000	0000000000	0000000000	0000000000	00000000	
1075	10/09/2013 18:45	0000000036	0000000000	0000000004	0000000000	0000000000	0000000000	00000000	
1076	10/09/2013 19:00	0000000040	0000000000	0000000008	0000000000	0000000000	0000000000	00000000	
1077	10/09/2013 19:15	0000000044	0000000000	0000000012	0000000000	0000000000	0000000000	00000000	
1078	10/09/2013 19:30	0000000048	0000000000	0000000012	0000000000	0000000000	0000000000	00000000	
1079	10/09/2013 19:45	0000000044	0000000000	0000000012	0000000000	0000000000	0000000000	00000000	
1080	10/09/2013 20:00	0000000048	0000000000	0000000012	0000000000	0000000000	0000000000	00000000	
1081	10/09/2013 20:15	0000000048	0000000000	0000000012	0000000000	0000000000	0000000000	00000000	
1082	10/09/2013 20:30	0000000044	0000000000	0000000008	0000000000	0000000000	0000000000	00000000	
1083	10/09/2013 20:45	0000000044	0000000000	0000000008	0000000000	0000000000	0000000000	00000000	
1084	10/09/2013 21:00	0000000044	0000000000	0000000008	0000000000	0000000000	0000000000	00000000	
1085	10/09/2013 21:15	0000000048	0000000000	0000000008	0000000000	0000000000	0000000000	00000000	
1086	10/09/2013 21:30	0000000044	0000000000	0000000008	0000000000	0000000000	0000000000	00000000	
1087	10/09/2013 21:45	0000000048	0000000000	0000000012	0000000000	0000000000	0000000000	00000000	
1088	10/09/2013 22:00	0000000048	0000000000	0000000012	0000000000	0000000000	0000000000	00000000	
1089	10/09/2013 22:15	0000000044	0000000000	0000000012	0000000000	0000000000	0000000000	00000000	
1090	10/09/2013 22:30	0000000044	0000000000	0000000012	0000000000	0000000000	0000000000	00000000	
1091	10/09/2013 22:45	0000000028	0000000000	0000000000	0000000000	0000000000	0000000000	00000000	
1092	10/09/2013 23:00	0000000028	0000000000	0000000000	0000000000	0000000000	0000000004	00000000	
1093	10/09/2013 23:15	0000000028	0000000000	0000000000	0000000000	0000000000	0000000004	00000000	
1094	10/09/2013 23:30	0000000024	0000000000	0000000000	0000000000	0000000000	0000000008	00000000	
1095	10/09/2013 23:45	0000000020	0000000000	0000000000	0000000000	0000000000	0000000008	00000000	
