280	28/08/2013 00:00	0000000024	0000000000	0000000000	0000000000	0000000000	0000000000	00000000	
281	28/08/2013 00:15	0000000028	0000000000	0000000004	0000000000	0000000000	0000000000	00000000	
282	28/08/2013 00:30	0000000028	0000000000	0000000004	0000000000	0000000000	0000000000	00000000	
283	28/08/2013 00:45	0000000028	0000000000	0000000000	0000000000	0000000000	0000000000	00000000	
284	28/08/2013 01:00	0000000024	0000000000	0000000000	0000000000	0000000000	0000000004	00000000	
285	28/08/2013 01:15	0000000024	0000000000	0000000000	0000000000	0000000000	0000000004	00000000	
286	28/08/2013 01:30	0000000020	0000000000	0000000000	0000000000	0000000000	0000000004	00000000	
287	28/08/2013 01:45	0000000024	0000000000	0000000000	0000000000	0000000000	0000000004	00000000	
288	28/08/2013 02:00	0000000020	0000000000	0000000000	0000000000	0000000000	0000000004	00000000	
289	28/08/2013 02:15	0000000024	0000000000	0000000000	0000000000	0000000000	0000000004	00000000	
2810	28/08/2013 02:30	0000000020	0000000000	0000000000	0000000000	0000000000	0000000004	00000000	
2811	28/08/2013 02:45	0000000024	0000000000	0000000000	0000000000	0000000000	0000000008	00000000	
2812	28/08/2013 03:00	0000000020	0000000000	0000000000	0000000000	0000000000	0000000004	00000000	
2813	28/08/2013 03:15	0000000024	0000000000	0000000000	0000000000	0000000000	0000000004	00000000	
2814	28/08/2013 03:30	0000000020	0000000000	0000000000	0000000000	0000000000	0000000004	00000000	
2815	28/08/2013 03:45	0000000020	0000000000	0000000000	0000000000	0000000000	0000000008	00000000	
2816	28/08/2013 04:00	0000000024	0000000000	0000000000	0000000000	0000000000	0000000004	00000000	
2817	28/08/2013 04:15	0000000020	0000000000	0000000000	0000000000	0000000000	0000000000	00000000	
2818	28/08/2013 04:30	0000000024	0000000000	0000000000	0000000000	0000000000	0000000008	00000000	
2819	28/08/2013 04:45	0000000020	0000000000	0000000000	0000000000	0000000000	0000000004	00000000	
2820	28/08/2013 05:00	0000000024	0000000000	0000000000	0000000000	0000000000	0000000004	00000000	
2821	28/08/2013 05:15	0000000020	0000000000	0000000000	0000000000	0000000000	0000000004	00000000	
2822	28/08/2013 05:30	0000000020	0000000000	0000000000	0000000000	0000000000	0000000008	00000000	
2823	28/08/2013 05:45	0000000024	0000000000	0000000000	0000000000	0000000000	0000000004	00000000	
2824	28/08/2013 06:00	0000000020	0000000000	0000000000	0000000000	0000000000	0000000008	00000000	
2825	28/08/2013 06:15	0000000024	0000000000	0000000000	0000000000	0000000000	0000000008	00000000	
2826	28/08/2013 06:30	0000000020	0000000000	0000000000	0000000000	0000000000	0000000008	00000000	
2827	28/08/2013 06:45	0000000020	0000000000	0000000000	0000000000	0000000000	0000000008	00000000	
2828	28/08/2013 07:00	0000000024	0000000000	0000000000	0000000000	0000000000	0000000008	00000000	
2829	28/08/2013 07:15	0000000020	0000000000	0000000000	0000000000	0000000000	0000000008	00000000	
2830	28/08/2013 07:30	0000000024	0000000000	0000000000	0000000000	0000000000	0000000008	00000000	
2831	28/08/2013 07:45	0000000020	0000000000	0000000000	0000000000	0000000000	0000000008	00000000	
2832	28/08/2013 08:00	0000000024	0000000000	0000000000	0000000000	0000000000	0000000008	00000000	
2833	28/08/2013 08:15	0000000028	0000000000	0000000000	0000000000	0000000000	0000000004	00000000	
2834	28/08/2013 08:30	0000000024	0000000000	0000000000	0000000000	0000000000	0000000008	00000000	
2835	28/08/2013 08:45	0000000024	0000000000	0000000000	0000000000	0000000000	0000000004	00000000	
2836	28/08/2013 09:00	0000000024	0000000000	0000000000	0000000000	0000000000	0000000008	00000000	
2837	28/08/2013 09:15	0000000024	0000000000	0000000000	0000000000	0000000000	0000000004	00000000	
2838	28/08/2013 09:30	0000000028	0000000000	0000000000	0000000000	0000000000	0000000000	00000000	
2839	28/08/2013 09:45	0000000024	0000000000	0000000000	0000000000	0000000000	0000000004	00000000	
2840	28/08/2013 10:00	0000000024	0000000000	0000000000	0000000000	0000000000	0000000004	00000000	
2841	28/08/2013 10:15	0000000028	0000000000	0000000000	0000000000	0000000000	0000000004	00000000	
2842	28/08/2013 10:30	0000000036	0000000000	0000000004	0000000000	0000000000	0000000000	00000000	
2843	28/08/2013 10:45	0000000044	0000000000	0000000012	0000000000	0000000000	0000000000	00000000	
2844	28/08/2013 11:00	0000000044	0000000000	0000000016	0000000000	0000000000	0000000000	00000000	
2845	28/08/2013 11:15	0000000040	0000000000	0000000012	0000000000	0000000000	0000000000	00000000	
2846	28/08/2013 11:30	0000000036	0000000000	0000000004	0000000000	0000000000	0000000000	00000000	
2847	28/08/2013 11:45	0000000028	0000000000	0000000000	0000000000	0000000000	0000000004	00000000	
2848	28/08/2013 12:00	0000000032	0000000000	0000000004	0000000000	0000000000	0000000000	00000000	
2849	28/08/2013 12:15	0000000036	0000000000	0000000004	0000000000	0000000000	0000000000	00000000	
2850	28/08/2013 12:30	0000000036	0000000000	0000000004	0000000000	0000000000	0000000000	00000000	
2851	28/08/2013 12:45	0000000032	0000000000	0000000008	0000000000	0000000000	0000000000	00000000	
2852	28/08/2013 13:00	0000000036	0000000000	0000000000	0000000000	0000000000	0000000000	00000000	
2853	28/08/2013 13:15	0000000036	0000000000	0000000008	0000000000	0000000000	0000000000	00000000	
2854	28/08/2013 13:30	0000000036	0000000000	0000000008	0000000000	0000000000	0000000000	00000000	
2855	28/08/2013 13:45	0000000032	0000000000	0000000008	0000000000	0000000000	0000000000	00000000	
2856	28/08/2013 14:00	0000000036	0000000000	0000000008	0000000000	0000000000	0000000000	00000000	
2857	28/08/2013 14:15	0000000040	0000000000	0000000008	0000000000	0000000000	0000000000	00000000	
2858	28/08/2013 14:30	0000000036	0000000000	0000000008	0000000000	0000000000	0000000000	00000000	
2859	28/08/2013 14:45	0000000036	0000000000	0000000004	0000000000	0000000000	0000000000	00000000	
2860	28/08/2013 15:00	0000000036	0000000000	0000000008	0000000000	0000000000	0000000000	00000000	
2861	28/08/2013 15:15	0000000032	0000000000	0000000004	0000000000	0000000000	0000000000	00000000	
2862	28/08/2013 15:30	0000000036	0000000000	0000000000	0000000000	0000000000	0000000000	00000000	
2863	28/08/2013 15:45	0000000032	0000000000	0000000000	0000000000	0000000000	0000000000	00000000	
2864	28/08/2013 16:00	0000000036	0000000000	0000000004	0000000000	0000000000	0000000000	00000000	
2865	28/08/2013 16:15	0000000032	0000000000	0000000004	0000000000	0000000000	0000000000	00000000	
2866	28/08/2013 16:30	0000000032	0000000000	0000000000	0000000000	0000000000	0000000000	00000000	
2867	28/08/2013 16:45	0000000036	0000000000	0000000004	0000000000	0000000000	0000000000	00000000	
2868	28/08/2013 17:00	0000000036	0000000000	0000000000	0000000000	0000000000	0000000000	00000000	
2869	28/08/2013 17:15	0000000032	0000000000	0000000000	0000000000	0000000000	0000000000	00000000	
2870	28/08/2013 17:30	0000000032	0000000000	0000000000	0000000000	0000000000	0000000000	00000000	
2871	28/08/2013 17:45	0000000032	0000000000	0000000000	0000000000	0000000000	0000000000	00000000	
2872	28/08/2013 18:00	0000000032	0000000000	0000000004	0000000000	0000000000	0000000000	00000000	
2873	28/08/2013 18:15	0000000032	0000000000	0000000000	0000000000	0000000000	0000000004	00000000	
2874	28/08/2013 18:30	0000000036	0000000000	0000000000	0000000000	0000000000	0000000000	00000000	
2875	28/08/2013 18:45	0000000032	0000000000	0000000004	0000000000	0000000000	0000000000	00000000	
2876	28/08/2013 19:00	0000000036	0000000000	0000000000	0000000000	0000000000	0000000000	00000000	
2877	28/08/2013 19:15	0000000032	0000000000	0000000004	0000000000	0000000000	0000000000	00000000	
2878	28/08/2013 19:30	0000000048	0000000000	0000000012	0000000000	0000000000	0000000000	00000000	
2879	28/08/2013 19:45	0000000048	0000000000	0000000012	0000000000	0000000000	0000000000	00000000	
2880	28/08/2013 20:00	0000000048	0000000000	0000000016	0000000000	0000000000	0000000000	00000000	
2881	28/08/2013 20:15	0000000052	0000000000	0000000016	0000000000	0000000000	0000000000	00000000	
2882	28/08/2013 20:30	0000000048	0000000000	0000000012	0000000000	0000000000	0000000000	00000000	
2883	28/08/2013 20:45	0000000048	0000000000	0000000012	0000000000	0000000000	0000000000	00000000	
2884	28/08/2013 21:00	0000000048	0000000000	0000000008	0000000000	0000000000	0000000000	00000000	
2885	28/08/2013 21:15	0000000048	0000000000	0000000012	0000000000	0000000000	0000000000	00000000	
2886	28/08/2013 21:30	0000000048	0000000000	0000000012	0000000000	0000000000	0000000000	00000000	
2887	28/08/2013 21:45	0000000048	0000000000	0000000016	0000000000	0000000000	0000000000	00000000	
2888	28/08/2013 22:00	0000000048	0000000000	0000000016	0000000000	0000000000	0000000000	00000000	
2889	28/08/2013 22:15	0000000048	0000000000	0000000016	0000000000	0000000000	0000000000	00000000	
2890	28/08/2013 22:30	0000000048	0000000000	0000000012	0000000000	0000000000	0000000000	00000000	
2891	28/08/2013 22:45	0000000048	0000000000	0000000016	0000000000	0000000000	0000000000	00000000	
2892	28/08/2013 23:00	0000000040	0000000000	0000000012	0000000000	0000000000	0000000000	00000000	
2893	28/08/2013 23:15	0000000044	0000000000	0000000008	0000000000	0000000000	0000000000	00000000	
2894	28/08/2013 23:30	0000000040	0000000000	0000000016	0000000000	0000000000	0000000000	00000000	
2895	28/08/2013 23:45	0000000044	0000000000	0000000012	0000000000	0000000000	0000000000	00000000	
