130	13/07/2011 00:00	0000000252	0000000000	0000000000	0000000000	0000000000	0000000016	00000000	
131	13/07/2011 00:15	0000000200	0000000000	0000000004	0000000000	0000000000	0000000012	00000000	
132	13/07/2011 00:30	0000000168	0000000000	0000000008	0000000000	0000000000	0000000032	00000000	
133	13/07/2011 00:45	0000000136	0000000000	0000000000	0000000000	0000000000	0000000044	00000000	
134	13/07/2011 01:00	0000000144	0000000000	0000000000	0000000000	0000000000	0000000044	00000000	
135	13/07/2011 01:15	0000000128	0000000000	0000000000	0000000000	0000000000	0000000056	00000000	
136	13/07/2011 01:30	0000000128	0000000000	0000000000	0000000000	0000000000	0000000048	00000000	
137	13/07/2011 01:45	0000000124	0000000000	0000000004	0000000000	0000000000	0000000032	00000000	
138	13/07/2011 02:00	0000000120	0000000000	0000000028	0000000000	0000000000	0000000000	00000000	
139	13/07/2011 02:15	0000000128	0000000000	0000000016	0000000000	0000000000	0000000016	00000000	
1310	13/07/2011 02:30	0000000116	0000000000	0000000012	0000000000	0000000000	0000000008	00000000	
1311	13/07/2011 02:45	0000000128	0000000000	0000000024	0000000000	0000000000	0000000000	00000000	
1312	13/07/2011 03:00	0000000112	0000000000	0000000016	0000000000	0000000000	0000000000	00000100	
1313	13/07/2011 03:15	0000000120	0000000000	0000000020	0000000000	0000000000	0000000000	00000000	
1314	13/07/2011 03:30	0000000120	0000000000	0000000028	0000000000	0000000000	0000000000	00000000	
1315	13/07/2011 03:45	0000000116	0000000000	0000000020	0000000000	0000000000	0000000000	00000000	
1316	13/07/2011 04:00	0000000124	0000000000	0000000028	0000000000	0000000000	0000000000	00000000	
1317	13/07/2011 04:15	0000000112	0000000000	0000000020	0000000000	0000000000	0000000000	00000000	
1318	13/07/2011 04:30	0000000116	0000000000	0000000012	0000000000	0000000000	0000000000	00000000	
1319	13/07/2011 04:45	0000000120	0000000000	0000000024	0000000000	0000000000	0000000000	00000000	
1320	13/07/2011 05:00	0000000116	0000000000	0000000020	0000000000	0000000000	0000000000	00000000	
1321	13/07/2011 05:15	0000000128	0000000000	0000000036	0000000000	0000000000	0000000000	00000000	
1322	13/07/2011 05:30	0000000120	0000000000	0000000028	0000000000	0000000000	0000000000	00000000	
1323	13/07/2011 05:45	0000000120	0000000000	0000000028	0000000000	0000000000	0000000000	00000000	
1324	13/07/2011 06:00	0000000128	0000000000	0000000028	0000000000	0000000000	0000000000	00000000	
1325	13/07/2011 06:15	0000000140	0000000000	0000000016	0000000000	0000000000	0000000000	00000000	
1326	13/07/2011 06:30	0000000212	0000000000	0000000004	0000000000	0000000000	0000000012	00000000	
1327	13/07/2011 06:45	0000000200	0000000000	0000000004	0000000000	0000000000	0000000016	00000000	
1328	13/07/2011 07:00	0000000184	0000000000	0000000000	0000000000	0000000000	0000000028	00000000	
1329	13/07/2011 07:15	0000000188	0000000000	0000000000	0000000000	0000000000	0000000012	00000000	
1330	13/07/2011 07:30	0000000184	0000000000	0000000000	0000000000	0000000000	0000000012	00000000	
1331	13/07/2011 07:45	0000000188	0000000000	0000000008	0000000000	0000000000	0000000004	00000000	
1332	13/07/2011 08:00	0000000204	0000000000	0000000000	0000000000	0000000000	0000000036	00000000	
1333	13/07/2011 08:15	0000000212	0000000000	0000000000	0000000000	0000000000	0000000024	00000000	
1334	13/07/2011 08:30	0000000248	0000000000	0000000004	0000000000	0000000000	0000000008	00000000	
1335	13/07/2011 08:45	0000000264	0000000000	0000000012	0000000000	0000000000	0000000004	00000000	
1336	13/07/2011 09:00	0000000336	0000000000	0000000028	0000000000	0000000000	0000000000	00000000	
1337	13/07/2011 09:15	0000000360	0000000000	0000000052	0000000000	0000000000	0000000000	00000000	
1338	13/07/2011 09:30	0000000348	0000000000	0000000044	0000000000	0000000000	0000000000	00000000	
1339	13/07/2011 09:45	0000000400	0000000000	0000000080	0000000000	0000000000	0000000000	00000000	
1340	13/07/2011 10:00	0000000412	0000000000	0000000076	0000000000	0000000000	0000000000	00000000	
1341	13/07/2011 10:15	0000000400	0000000000	0000000076	0000000000	0000000000	0000000000	00000000	
1342	13/07/2011 10:30	0000000392	0000000000	0000000072	0000000000	0000000000	0000000000	00000000	
1343	13/07/2011 10:45	0000000400	0000000000	0000000076	0000000000	0000000000	0000000000	00000000	
1344	13/07/2011 11:00	0000000388	0000000000	0000000076	0000000000	0000000000	0000000000	00000000	
1345	13/07/2011 11:15	0000000404	0000000000	0000000080	0000000000	0000000000	0000000000	00000000	
1346	13/07/2011 11:30	0000000392	0000000000	0000000076	0000000000	0000000000	0000000000	00000000	
1347	13/07/2011 11:45	0000000396	0000000000	0000000084	0000000000	0000000000	0000000000	00000000	
1348	13/07/2011 12:00	0000000412	0000000000	0000000092	0000000000	0000000000	0000000000	00000000	
1349	13/07/2011 12:15	0000000428	0000000000	0000000092	0000000000	0000000000	0000000000	00000000	
1350	13/07/2011 12:30	0000000408	0000000000	0000000084	0000000000	0000000000	0000000000	00000000	
1351	13/07/2011 12:45	0000000444	0000000000	0000000088	0000000000	0000000000	0000000000	00000000	
1352	13/07/2011 13:00	0000000440	0000000000	0000000084	0000000000	0000000000	0000000000	00000000	
1353	13/07/2011 13:15	0000000420	0000000000	0000000088	0000000000	0000000000	0000000000	00000000	
1354	13/07/2011 13:30	0000000412	0000000000	0000000080	0000000000	0000000000	0000000000	00000000	
1355	13/07/2011 13:45	0000000404	0000000000	0000000084	0000000000	0000000000	0000000000	00000000	
1356	13/07/2011 14:00	0000000460	0000000000	0000000108	0000000000	0000000000	0000000000	00000000	
1357	13/07/2011 14:15	0000000424	0000000000	0000000084	0000000000	0000000000	0000000000	00000000	
1358	13/07/2011 14:30	0000000432	0000000000	0000000092	0000000000	0000000000	0000000000	00000000	
1359	13/07/2011 14:45	0000000444	0000000000	0000000092	0000000000	0000000000	0000000000	00000000	
1360	13/07/2011 15:00	0000000440	0000000000	0000000092	0000000000	0000000000	0000000000	00000000	
1361	13/07/2011 15:15	0000000428	0000000000	0000000088	0000000000	0000000000	0000000000	00000000	
1362	13/07/2011 15:30	0000000428	0000000000	0000000092	0000000000	0000000000	0000000000	00000000	
1363	13/07/2011 15:45	0000000416	0000000000	0000000088	0000000000	0000000000	0000000000	00000000	
1364	13/07/2011 16:00	0000000460	0000000000	0000000104	0000000000	0000000000	0000000000	00000000	
1365	13/07/2011 16:15	0000000436	0000000000	0000000080	0000000000	0000000000	0000000000	00000000	
1366	13/07/2011 16:30	0000000412	0000000000	0000000080	0000000000	0000000000	0000000000	00000000	
1367	13/07/2011 16:45	0000000416	0000000000	0000000076	0000000000	0000000000	0000000000	00000000	
1368	13/07/2011 17:00	0000000396	0000000000	0000000072	0000000000	0000000000	0000000000	00000000	
1369	13/07/2011 17:15	0000000396	0000000000	0000000080	0000000000	0000000000	0000000000	00000000	
1370	13/07/2011 17:30	0000000400	0000000000	0000000080	0000000000	0000000000	0000000000	00000000	
1371	13/07/2011 17:45	0000000400	0000000000	0000000076	0000000000	0000000000	0000000000	00000000	
1372	13/07/2011 18:00	0000000400	0000000000	0000000080	0000000000	0000000000	0000000000	00000000	
1373	13/07/2011 18:15	0000000400	0000000000	0000000080	0000000000	0000000000	0000000000	00000000	
1374	13/07/2011 18:30	0000000400	0000000000	0000000080	0000000000	0000000000	0000000000	00000000	
1375	13/07/2011 18:45	0000000404	0000000000	0000000076	0000000000	0000000000	0000000000	00000000	
1376	13/07/2011 19:00	0000000404	0000000000	0000000068	0000000000	0000000000	0000000000	00000000	
1377	13/07/2011 19:15	0000000404	0000000000	0000000080	0000000000	0000000000	0000000000	00000000	
1378	13/07/2011 19:30	0000000412	0000000000	0000000080	0000000000	0000000000	0000000000	00000000	
1379	13/07/2011 19:45	0000000396	0000000000	0000000072	0000000000	0000000000	0000000000	00000000	
1380	13/07/2011 20:00	0000000400	0000000000	0000000076	0000000000	0000000000	0000000000	00000000	
1381	13/07/2011 20:15	0000000396	0000000000	0000000064	0000000000	0000000000	0000000000	00000000	
1382	13/07/2011 20:30	0000000420	0000000000	0000000060	0000000000	0000000000	0000000000	00000000	
1383	13/07/2011 20:45	0000000376	0000000000	0000000052	0000000000	0000000000	0000000000	00000000	
1384	13/07/2011 21:00	0000000328	0000000000	0000000040	0000000000	0000000000	0000000000	00000000	
1385	13/07/2011 21:15	0000000284	0000000000	0000000012	0000000000	0000000000	0000000004	00000000	
1386	13/07/2011 21:30	0000000256	0000000000	0000000004	0000000000	0000000000	0000000016	00000000	
1387	13/07/2011 21:45	0000000264	0000000000	0000000000	0000000000	0000000000	0000000024	00000000	
1388	13/07/2011 22:00	0000000260	0000000000	0000000004	0000000000	0000000000	0000000012	00000000	
1389	13/07/2011 22:15	0000000256	0000000000	0000000004	0000000000	0000000000	0000000012	00000000	
1390	13/07/2011 22:30	0000000268	0000000000	0000000004	0000000000	0000000000	0000000008	00000000	
1391	13/07/2011 22:45	0000000260	0000000000	0000000004	0000000000	0000000000	0000000008	00000000	
1392	13/07/2011 23:00	0000000244	0000000000	0000000004	0000000000	0000000000	0000000008	00000000	
1393	13/07/2011 23:15	0000000244	0000000000	0000000000	0000000000	0000000000	0000000020	00000000	
1394	13/07/2011 23:30	0000000236	0000000000	0000000000	0000000000	0000000000	0000000024	00000000	
1395	13/07/2011 23:45	0000000232	0000000000	0000000000	0000000000	0000000000	0000000020	00000000	
