230	23/07/2011 00:00	0000000268	0000000000	0000000028	0000000000	0000000000	0000000000	00000000	
231	23/07/2011 00:15	0000000232	0000000000	0000000004	0000000000	0000000000	0000000008	00000000	
232	23/07/2011 00:30	0000000188	0000000000	0000000004	0000000000	0000000000	0000000004	00000000	
233	23/07/2011 00:45	0000000188	0000000000	0000000000	0000000000	0000000000	0000000012	00000000	
234	23/07/2011 01:00	0000000188	0000000000	0000000004	0000000000	0000000000	0000000008	00000000	
235	23/07/2011 01:15	0000000176	0000000000	0000000000	0000000000	0000000000	0000000012	00000000	
236	23/07/2011 01:30	0000000184	0000000000	0000000004	0000000000	0000000000	0000000016	00000000	
237	23/07/2011 01:45	0000000168	0000000000	0000000000	0000000000	0000000000	0000000020	00000000	
238	23/07/2011 02:00	0000000156	0000000000	0000000000	0000000000	0000000000	0000000032	00000000	
239	23/07/2011 02:15	0000000156	0000000000	0000000000	0000000000	0000000000	0000000040	00000000	
2310	23/07/2011 02:30	0000000140	0000000000	0000000000	0000000000	0000000000	0000000036	00000000	
2311	23/07/2011 02:45	0000000156	0000000000	0000000000	0000000000	0000000000	0000000024	00000000	
2312	23/07/2011 03:00	0000000140	0000000000	0000000000	0000000000	0000000000	0000000032	00000100	
2313	23/07/2011 03:15	0000000148	0000000000	0000000000	0000000000	0000000000	0000000024	00000000	
2314	23/07/2011 03:30	0000000140	0000000000	0000000000	0000000000	0000000000	0000000028	00000000	
2315	23/07/2011 03:45	0000000136	0000000000	0000000000	0000000000	0000000000	0000000032	00000000	
2316	23/07/2011 04:00	0000000152	0000000000	0000000000	0000000000	0000000000	0000000016	00000000	
2317	23/07/2011 04:15	0000000140	0000000000	0000000000	0000000000	0000000000	0000000028	00000000	
2318	23/07/2011 04:30	0000000136	0000000000	0000000000	0000000000	0000000000	0000000032	00000000	
2319	23/07/2011 04:45	0000000152	0000000000	0000000000	0000000000	0000000000	0000000016	00000000	
2320	23/07/2011 05:00	0000000140	0000000000	0000000000	0000000000	0000000000	0000000028	00000000	
2321	23/07/2011 05:15	0000000156	0000000000	0000000004	0000000000	0000000000	0000000020	00000000	
2322	23/07/2011 05:30	0000000148	0000000000	0000000000	0000000000	0000000000	0000000020	00000000	
2323	23/07/2011 05:45	0000000144	0000000000	0000000000	0000000000	0000000000	0000000020	00000000	
2324	23/07/2011 06:00	0000000156	0000000000	0000000000	0000000000	0000000000	0000000016	00000000	
2325	23/07/2011 06:15	0000000164	0000000000	0000000004	0000000000	0000000000	0000000012	00000000	
2326	23/07/2011 06:30	0000000236	0000000000	0000000012	0000000000	0000000000	0000000004	00000000	
2327	23/07/2011 06:45	0000000220	0000000000	0000000000	0000000000	0000000000	0000000032	00000000	
2328	23/07/2011 07:00	0000000212	0000000000	0000000000	0000000000	0000000000	0000000032	00000000	
2329	23/07/2011 07:15	0000000208	0000000000	0000000000	0000000000	0000000000	0000000020	00000000	
2330	23/07/2011 07:30	0000000212	0000000000	0000000000	0000000000	0000000000	0000000020	00000000	
2331	23/07/2011 07:45	0000000228	0000000000	0000000008	0000000000	0000000000	0000000008	00000000	
2332	23/07/2011 08:00	0000000216	0000000000	0000000000	0000000000	0000000000	0000000004	00000000	
2333	23/07/2011 08:15	0000000248	0000000000	0000000020	0000000000	0000000000	0000000000	00000000	
2334	23/07/2011 08:30	0000000240	0000000000	0000000012	0000000000	0000000000	0000000000	00000000	
2335	23/07/2011 08:45	0000000264	0000000000	0000000020	0000000000	0000000000	0000000000	00000000	
2336	23/07/2011 09:00	0000000260	0000000000	0000000024	0000000000	0000000000	0000000000	00000000	
2337	23/07/2011 09:15	0000000268	0000000000	0000000020	0000000000	0000000000	0000000000	00000000	
2338	23/07/2011 09:30	0000000268	0000000000	0000000016	0000000000	0000000000	0000000000	00000000	
2339	23/07/2011 09:45	0000000336	0000000000	0000000044	0000000000	0000000000	0000000000	00000000	
2340	23/07/2011 10:00	0000000380	0000000000	0000000092	0000000000	0000000000	0000000000	00000000	
2341	23/07/2011 10:15	0000000384	0000000000	0000000084	0000000000	0000000000	0000000000	00000000	
2342	23/07/2011 10:30	0000000384	0000000000	0000000088	0000000000	0000000000	0000000000	00000000	
2343	23/07/2011 10:45	0000000384	0000000000	0000000084	0000000000	0000000000	0000000000	00000000	
2344	23/07/2011 11:00	0000000436	0000000000	0000000108	0000000000	0000000000	0000000000	00000000	
2345	23/07/2011 11:15	0000000412	0000000000	0000000104	0000000000	0000000000	0000000000	00000000	
2346	23/07/2011 11:30	0000000412	0000000000	0000000100	0000000000	0000000000	0000000000	00000000	
2347	23/07/2011 11:45	0000000436	0000000000	0000000120	0000000000	0000000000	0000000000	00000000	
2348	23/07/2011 12:00	0000000432	0000000000	0000000120	0000000000	0000000000	0000000000	00000000	
2349	23/07/2011 12:15	0000000432	0000000000	0000000116	0000000000	0000000000	0000000000	00000000	
2350	23/07/2011 12:30	0000000420	0000000000	0000000112	0000000000	0000000000	0000000000	00000000	
2351	23/07/2011 12:45	0000000400	0000000000	0000000096	0000000000	0000000000	0000000000	00000000	
2352	23/07/2011 13:00	0000000436	0000000000	0000000104	0000000000	0000000000	0000000000	00000000	
2353	23/07/2011 13:15	0000000440	0000000000	0000000120	0000000000	0000000000	0000000000	00000000	
2354	23/07/2011 13:30	0000000472	0000000000	0000000112	0000000000	0000000000	0000000000	00000000	
2355	23/07/2011 13:45	0000000452	0000000000	0000000104	0000000000	0000000000	0000000000	00000000	
2356	23/07/2011 14:00	0000000444	0000000000	0000000104	0000000000	0000000000	0000000000	00000000	
2357	23/07/2011 14:15	0000000440	0000000000	0000000104	0000000000	0000000000	0000000000	00000000	
2358	23/07/2011 14:30	0000000456	0000000000	0000000108	0000000000	0000000000	0000000000	00000000	
2359	23/07/2011 14:45	0000000432	0000000000	0000000096	0000000000	0000000000	0000000000	00000000	
2360	23/07/2011 15:00	0000000416	0000000000	0000000096	0000000000	0000000000	0000000000	00000000	
2361	23/07/2011 15:15	0000000428	0000000000	0000000096	0000000000	0000000000	0000000000	00000000	
2362	23/07/2011 15:30	0000000424	0000000000	0000000104	0000000000	0000000000	0000000000	00000000	
2363	23/07/2011 15:45	0000000444	0000000000	0000000112	0000000000	0000000000	0000000000	00000000	
2364	23/07/2011 16:00	0000000476	0000000000	0000000124	0000000000	0000000000	0000000000	00000000	
2365	23/07/2011 16:15	0000000464	0000000000	0000000116	0000000000	0000000000	0000000000	00000000	
2366	23/07/2011 16:30	0000000472	0000000000	0000000116	0000000000	0000000000	0000000000	00000000	
2367	23/07/2011 16:45	0000000496	0000000000	0000000128	0000000000	0000000000	0000000000	00000000	
2368	23/07/2011 17:00	0000000496	0000000000	0000000128	0000000000	0000000000	0000000000	00000000	
2369	23/07/2011 17:15	0000000480	0000000000	0000000124	0000000000	0000000000	0000000000	00000000	
2370	23/07/2011 17:30	0000000464	0000000000	0000000128	0000000000	0000000000	0000000000	00000000	
2371	23/07/2011 17:45	0000000464	0000000000	0000000120	0000000000	0000000000	0000000000	00000000	
2372	23/07/2011 18:00	0000000456	0000000000	0000000120	0000000000	0000000000	0000000000	00000000	
2373	23/07/2011 18:15	0000000448	0000000000	0000000116	0000000000	0000000000	0000000000	00000000	
2374	23/07/2011 18:30	0000000460	0000000000	0000000112	0000000000	0000000000	0000000000	00000000	
2375	23/07/2011 18:45	0000000460	0000000000	0000000112	0000000000	0000000000	0000000000	00000000	
2376	23/07/2011 19:00	0000000440	0000000000	0000000108	0000000000	0000000000	0000000000	00000000	
2377	23/07/2011 19:15	0000000460	0000000000	0000000116	0000000000	0000000000	0000000000	00000000	
2378	23/07/2011 19:30	0000000448	0000000000	0000000096	0000000000	0000000000	0000000000	00000000	
2379	23/07/2011 19:45	0000000444	0000000000	0000000104	0000000000	0000000000	0000000000	00000000	
2380	23/07/2011 20:00	0000000460	0000000000	0000000112	0000000000	0000000000	0000000000	00000000	
2381	23/07/2011 20:15	0000000456	0000000000	0000000100	0000000000	0000000000	0000000000	00000000	
2382	23/07/2011 20:30	0000000440	0000000000	0000000092	0000000000	0000000000	0000000000	00000000	
2383	23/07/2011 20:45	0000000404	0000000000	0000000068	0000000000	0000000000	0000000000	00000000	
2384	23/07/2011 21:00	0000000388	0000000000	0000000072	0000000000	0000000000	0000000000	00000000	
2385	23/07/2011 21:15	0000000384	0000000000	0000000068	0000000000	0000000000	0000000000	00000000	
2386	23/07/2011 21:30	0000000364	0000000000	0000000048	0000000000	0000000000	0000000000	00000000	
2387	23/07/2011 21:45	0000000348	0000000000	0000000040	0000000000	0000000000	0000000000	00000000	
2388	23/07/2011 22:00	0000000376	0000000000	0000000068	0000000000	0000000000	0000000000	00000000	
2389	23/07/2011 22:15	0000000336	0000000000	0000000060	0000000000	0000000000	0000000000	00000000	
2390	23/07/2011 22:30	0000000344	0000000000	0000000072	0000000000	0000000000	0000000000	00000000	
2391	23/07/2011 22:45	0000000356	0000000000	0000000076	0000000000	0000000000	0000000000	00000000	
2392	23/07/2011 23:00	0000000368	0000000000	0000000072	0000000000	0000000000	0000000000	00000000	
2393	23/07/2011 23:15	0000000352	0000000000	0000000060	0000000000	0000000000	0000000000	00000000	
2394	23/07/2011 23:30	0000000336	0000000000	0000000064	0000000000	0000000000	0000000000	00000000	
2395	23/07/2011 23:45	0000000336	0000000000	0000000052	0000000000	0000000000	0000000000	00000000	
