050	05/05/2013 00:00	0000000008	0000000000	0000000000	0000000000	0000000000	0000000000	00000000	
051	05/05/2013 00:15	0000000008	0000000000	0000000004	0000000000	0000000000	0000000000	00000000	
052	05/05/2013 00:30	0000000008	0000000000	0000000000	0000000000	0000000000	0000000000	00000000	
053	05/05/2013 00:45	0000000008	0000000000	0000000004	0000000000	0000000000	0000000000	00000000	
054	05/05/2013 01:00	0000000008	0000000000	0000000000	0000000000	0000000000	0000000000	00000000	
055	05/05/2013 01:15	0000000008	0000000000	0000000000	0000000000	0000000000	0000000000	00000000	
056	05/05/2013 01:30	0000000004	0000000000	0000000004	0000000000	0000000000	0000000000	00000000	
057	05/05/2013 01:45	0000000008	0000000000	0000000000	0000000000	0000000000	0000000000	00000000	
058	05/05/2013 02:00	0000000008	0000000000	0000000000	0000000000	0000000000	0000000000	00000000	
059	05/05/2013 02:15	0000000012	0000000000	0000000004	0000000000	0000000000	0000000000	00000000	
0510	05/05/2013 02:30	0000000004	0000000000	0000000000	0000000000	0000000000	0000000000	00000000	
0511	05/05/2013 02:45	0000000008	0000000000	0000000000	0000000000	0000000000	0000000000	00000000	
0512	05/05/2013 03:00	0000000008	0000000000	0000000004	0000000000	0000000000	0000000000	00000000	
0513	05/05/2013 03:15	0000000008	0000000000	0000000000	0000000000	0000000000	0000000000	00000000	
0514	05/05/2013 03:30	0000000008	0000000000	0000000000	0000000000	0000000000	0000000000	00000000	
0515	05/05/2013 03:45	0000000008	0000000000	0000000004	0000000000	0000000000	0000000000	00000000	
0516	05/05/2013 04:00	0000000004	0000000000	0000000000	0000000000	0000000000	0000000000	00000000	
0517	05/05/2013 04:15	0000000008	0000000000	0000000000	0000000000	0000000000	0000000000	00000000	
0518	05/05/2013 04:30	0000000012	0000000000	0000000004	0000000000	0000000000	0000000004	00000000	
0519	05/05/2013 04:45	0000000008	0000000000	0000000000	0000000000	0000000000	0000000000	00000000	
0520	05/05/2013 05:00	0000000008	0000000000	0000000004	0000000000	0000000000	0000000000	00000000	
0521	05/05/2013 05:15	0000000008	0000000000	0000000000	0000000000	0000000000	0000000000	00000000	
0522	05/05/2013 05:30	0000000008	0000000000	0000000000	0000000000	0000000000	0000000000	00000000	
0523	05/05/2013 05:45	0000000008	0000000000	0000000004	0000000000	0000000000	0000000000	00000000	
0524	05/05/2013 06:00	0000000004	0000000000	0000000000	0000000000	0000000000	0000000000	00000000	
0525	05/05/2013 06:15	0000000008	0000000000	0000000000	0000000000	0000000000	0000000000	00000000	
0526	05/05/2013 06:30	0000000008	0000000000	0000000004	0000000000	0000000000	0000000000	00000000	
0527	05/05/2013 06:45	0000000008	0000000000	0000000000	0000000000	0000000000	0000000000	00000000	
0528	05/05/2013 07:00	0000000008	0000000000	0000000000	0000000000	0000000000	0000000000	00000000	
0529	05/05/2013 07:15	0000000008	0000000000	0000000004	0000000000	0000000000	0000000000	00000000	
0530	05/05/2013 07:30	0000000004	0000000000	0000000000	0000000000	0000000000	0000000000	00000000	
0531	05/05/2013 07:45	0000000008	0000000000	0000000000	0000000000	0000000000	0000000000	00000000	
0532	05/05/2013 08:00	0000000008	0000000000	0000000004	0000000000	0000000000	0000000000	00000000	
0533	05/05/2013 08:15	0000000008	0000000000	0000000000	0000000000	0000000000	0000000000	00000000	
0534	05/05/2013 08:30	0000000008	0000000000	0000000000	0000000000	0000000000	0000000000	00000000	
0535	05/05/2013 08:45	0000000008	0000000000	0000000004	0000000000	0000000000	0000000000	00000000	
0536	05/05/2013 09:00	0000000008	0000000000	0000000000	0000000000	0000000000	0000000000	00000000	
0537	05/05/2013 09:15	0000000004	0000000000	0000000000	0000000000	0000000000	0000000000	00000000	
0538	05/05/2013 09:30	0000000008	0000000000	0000000004	0000000000	0000000000	0000000000	00000000	
0539	05/05/2013 09:45	0000000008	0000000000	0000000000	0000000000	0000000000	0000000000	00000000	
0540	05/05/2013 10:00	0000000008	0000000000	0000000000	0000000000	0000000000	0000000000	00000000	
0541	05/05/2013 10:15	0000000008	0000000000	0000000004	0000000000	0000000000	0000000000	00000000	
0542	05/05/2013 10:30	0000000004	0000000000	0000000000	0000000000	0000000000	0000000000	00000000	
0543	05/05/2013 10:45	0000000008	0000000000	0000000000	0000000000	0000000000	0000000000	00000000	
0544	05/05/2013 11:00	0000000008	0000000000	0000000004	0000000000	0000000000	0000000000	00000000	
0545	05/05/2013 11:15	0000000008	0000000000	0000000000	0000000000	0000000000	0000000000	00000000	
0546	05/05/2013 11:30	0000000008	0000000000	0000000000	0000000000	0000000000	0000000000	00000000	
0547	05/05/2013 11:45	0000000008	0000000000	0000000004	0000000000	0000000000	0000000000	00000000	
0548	05/05/2013 12:00	0000000008	0000000000	0000000000	0000000000	0000000000	0000000000	00000000	
0549	05/05/2013 12:15	0000000008	0000000000	0000000000	0000000000	0000000000	0000000000	00000000	
0550	05/05/2013 12:30	0000000008	0000000000	0000000000	0000000000	0000000000	0000000000	00000000	
0551	05/05/2013 12:45	0000000008	0000000000	0000000004	0000000000	0000000000	0000000000	00000000	
0552	05/05/2013 13:00	0000000008	0000000000	0000000000	0000000000	0000000000	0000000000	00000000	
0553	05/05/2013 13:15	0000000008	0000000000	0000000000	0000000000	0000000000	0000000000	00000000	
0554	05/05/2013 13:30	0000000008	0000000000	0000000004	0000000000	0000000000	0000000000	00000000	
0555	05/05/2013 13:45	0000000008	0000000000	0000000000	0000000000	0000000000	0000000000	00000000	
0556	05/05/2013 14:00	0000000008	0000000000	0000000000	0000000000	0000000000	0000000000	00000000	
0557	05/05/2013 14:15	0000000008	0000000000	0000000004	0000000000	0000000000	0000000000	00000000	
0558	05/05/2013 14:30	0000000008	0000000000	0000000000	0000000000	0000000000	0000000000	00000000	
0559	05/05/2013 14:45	0000000008	0000000000	0000000000	0000000000	0000000000	0000000000	00000000	
0560	05/05/2013 15:00	0000000004	0000000000	0000000004	0000000000	0000000000	0000000000	00000000	
0561	05/05/2013 15:15	0000000008	0000000000	0000000000	0000000000	0000000000	0000000000	00000000	
0562	05/05/2013 15:30	0000000012	0000000000	0000000000	0000000000	0000000000	0000000000	00000000	
051	05/05/2013 00:15	0000000008	0000000000	0000000004	0000000000	0000000000	0000000000	00000000	
052	05/05/2013 00:30	0000000008	0000000000	0000000000	0000000000	0000000000	0000000000	00000000	
053	05/05/2013 00:45	0000000008	0000000000	0000000004	0000000000	0000000000	0000000000	00000000	
054	05/05/2013 01:00	0000000008	0000000000	0000000000	0000000000	0000000000	0000000000	00000000	
055	05/05/2013 01:15	0000000008	0000000000	0000000000	0000000000	0000000000	0000000000	00000000	
056	05/05/2013 01:30	0000000004	0000000000	0000000004	0000000000	0000000000	0000000000	00000000	
057	05/05/2013 01:45	0000000008	0000000000	0000000000	0000000000	0000000000	0000000000	00000000	
058	05/05/2013 02:00	0000000008	0000000000	0000000000	0000000000	0000000000	0000000000	00000000	
059	05/05/2013 02:15	0000000012	0000000000	0000000004	0000000000	0000000000	0000000000	00000000	
0510	05/05/2013 02:30	0000000004	0000000000	0000000000	0000000000	0000000000	0000000000	00000000	
0511	05/05/2013 02:45	0000000008	0000000000	0000000000	0000000000	0000000000	0000000000	00000000	
0512	05/05/2013 03:00	0000000008	0000000000	0000000004	0000000000	0000000000	0000000000	00000000	
0513	05/05/2013 03:15	0000000008	0000000000	0000000000	0000000000	0000000000	0000000000	00000000	
0514	05/05/2013 03:30	0000000008	0000000000	0000000000	0000000000	0000000000	0000000000	00000000	
0515	05/05/2013 03:45	0000000008	0000000000	0000000004	0000000000	0000000000	0000000000	00000000	
0516	05/05/2013 04:00	0000000004	0000000000	0000000000	0000000000	0000000000	0000000000	00000000	
0517	05/05/2013 04:15	0000000008	0000000000	0000000000	0000000000	0000000000	0000000000	00000000	
0518	05/05/2013 04:30	0000000012	0000000000	0000000004	0000000000	0000000000	0000000004	00000000	
0519	05/05/2013 04:45	0000000008	0000000000	0000000000	0000000000	0000000000	0000000000	00000000	
0520	05/05/2013 05:00	0000000008	0000000000	0000000004	0000000000	0000000000	0000000000	00000000	
0521	05/05/2013 05:15	0000000008	0000000000	0000000000	0000000000	0000000000	0000000000	00000000	
0522	05/05/2013 05:30	0000000008	0000000000	0000000000	0000000000	0000000000	0000000000	00000000	
0523	05/05/2013 05:45	0000000008	0000000000	0000000004	0000000000	0000000000	0000000000	00000000	
0524	05/05/2013 06:00	0000000004	0000000000	0000000000	0000000000	0000000000	0000000000	00000000	
0525	05/05/2013 06:15	0000000008	0000000000	0000000000	0000000000	0000000000	0000000000	00000000	
0526	05/05/2013 06:30	0000000008	0000000000	0000000004	0000000000	0000000000	0000000000	00000000	
0527	05/05/2013 06:45	0000000008	0000000000	0000000000	0000000000	0000000000	0000000000	00000000	
0528	05/05/2013 07:00	0000000008	0000000000	0000000000	0000000000	0000000000	0000000000	00000000	
0529	05/05/2013 07:15	0000000008	0000000000	0000000004	0000000000	0000000000	0000000000	00000000	
0530	05/05/2013 07:30	0000000004	0000000000	0000000000	0000000000	0000000000	0000000000	00000000	
0531	05/05/2013 07:45	0000000008	0000000000	0000000000	0000000000	0000000000	0000000000	00000000	
0532	05/05/2013 08:00	0000000008	0000000000	0000000004	0000000000	0000000000	0000000000	00000000	
0533	05/05/2013 08:15	0000000008	0000000000	0000000000	0000000000	0000000000	0000000000	00000000	
0534	05/05/2013 08:30	0000000008	0000000000	0000000000	0000000000	0000000000	0000000000	00000000	
0535	05/05/2013 08:45	0000000008	0000000000	0000000004	0000000000	0000000000	0000000000	00000000	
0536	05/05/2013 09:00	0000000008	0000000000	0000000000	0000000000	0000000000	0000000000	00000000	
0537	05/05/2013 09:15	0000000004	0000000000	0000000000	0000000000	0000000000	0000000000	00000000	
0538	05/05/2013 09:30	0000000008	0000000000	0000000004	0000000000	0000000000	0000000000	00000000	
0539	05/05/2013 09:45	0000000008	0000000000	0000000000	0000000000	0000000000	0000000000	00000000	
0540	05/05/2013 10:00	0000000008	0000000000	0000000000	0000000000	0000000000	0000000000	00000000	
0541	05/05/2013 10:15	0000000008	0000000000	0000000004	0000000000	0000000000	0000000000	00000000	
0542	05/05/2013 10:30	0000000004	0000000000	0000000000	0000000000	0000000000	0000000000	00000000	
0543	05/05/2013 10:45	0000000008	0000000000	0000000000	0000000000	0000000000	0000000000	00000000	
0544	05/05/2013 11:00	0000000008	0000000000	0000000004	0000000000	0000000000	0000000000	00000000	
0545	05/05/2013 11:15	0000000008	0000000000	0000000000	0000000000	0000000000	0000000000	00000000	
0546	05/05/2013 11:30	0000000008	0000000000	0000000000	0000000000	0000000000	0000000000	00000000	
0547	05/05/2013 11:45	0000000008	0000000000	0000000004	0000000000	0000000000	0000000000	00000000	
0548	05/05/2013 12:00	0000000008	0000000000	0000000000	0000000000	0000000000	0000000000	00000000	
0549	05/05/2013 12:15	0000000008	0000000000	0000000000	0000000000	0000000000	0000000000	00000000	
0550	05/05/2013 12:30	0000000008	0000000000	0000000000	0000000000	0000000000	0000000000	00000000	
0551	05/05/2013 12:45	0000000008	0000000000	0000000004	0000000000	0000000000	0000000000	00000000	
0552	05/05/2013 13:00	0000000008	0000000000	0000000000	0000000000	0000000000	0000000000	00000000	
0553	05/05/2013 13:15	0000000008	0000000000	0000000000	0000000000	0000000000	0000000000	00000000	
0554	05/05/2013 13:30	0000000008	0000000000	0000000004	0000000000	0000000000	0000000000	00000000	
0555	05/05/2013 13:45	0000000008	0000000000	0000000000	0000000000	0000000000	0000000000	00000000	
0556	05/05/2013 14:00	0000000008	0000000000	0000000000	0000000000	0000000000	0000000000	00000000	
0557	05/05/2013 14:15	0000000008	0000000000	0000000004	0000000000	0000000000	0000000000	00000000	
0558	05/05/2013 14:30	0000000008	0000000000	0000000000	0000000000	0000000000	0000000000	00000000	
0559	05/05/2013 14:45	0000000008	0000000000	0000000000	0000000000	0000000000	0000000000	00000000	
0560	05/05/2013 15:00	0000000004	0000000000	0000000004	0000000000	0000000000	0000000000	00000000	
0561	05/05/2013 15:15	0000000008	0000000000	0000000000	0000000000	0000000000	0000000000	00000000	
0562	05/05/2013 15:30	0000000012	0000000000	0000000000	0000000000	0000000000	0000000000	00000000	
0563	05/05/2013 15:45	0000000008	0000000000	0000000004	0000000000	0000000000	0000000000	00000000	
0564	05/05/2013 16:00	0000000008	0000000000	0000000000	0000000000	0000000000	0000000000	00000000	
0565	05/05/2013 16:15	0000000008	0000000000	0000000004	0000000000	0000000000	0000000000	00000000	
0566	05/05/2013 16:30	0000000008	0000000000	0000000000	0000000000	0000000000	0000000000	00000000	
0567	05/05/2013 16:45	0000000008	0000000000	0000000000	0000000000	0000000000	0000000000	00000000	
0568	05/05/2013 17:00	0000000008	0000000000	0000000004	0000000000	0000000000	0000000000	00000000	
0569	05/05/2013 17:15	0000000008	0000000000	0000000000	0000000000	0000000000	0000000000	00000000	
0570	05/05/2013 17:30	0000000008	0000000000	0000000004	0000000000	0000000000	0000000000	00000000	
0571	05/05/2013 17:45	0000000008	0000000000	0000000000	0000000000	0000000000	0000000000	00000000	
0572	05/05/2013 18:00	0000000008	0000000000	0000000004	0000000000	0000000000	0000000000	00000000	
0573	05/05/2013 18:15	0000000008	0000000000	0000000000	0000000000	0000000000	0000000000	00000000	
0574	05/05/2013 18:30	0000000012	0000000000	0000000004	0000000000	0000000000	0000000000	00000000	
0575	05/05/2013 18:45	0000000004	0000000000	0000000000	0000000000	0000000000	0000000000	00000000	
0576	05/05/2013 19:00	0000000012	0000000000	0000000004	0000000000	0000000000	0000000000	00000000	
0577	05/05/2013 19:15	0000000008	0000000000	0000000000	0000000000	0000000000	0000000000	00000000	
0578	05/05/2013 19:30	0000000008	0000000000	0000000004	0000000000	0000000000	0000000000	00000000	
0579	05/05/2013 19:45	0000000012	0000000000	0000000000	0000000000	0000000000	0000000000	00000000	
0580	05/05/2013 20:00	0000000012	0000000000	0000000000	0000000000	0000000000	0000000000	00000000	
0581	05/05/2013 20:15	0000000012	0000000000	0000000004	0000000000	0000000000	0000000000	00000000	
0582	05/05/2013 20:30	0000000008	0000000000	0000000004	0000000000	0000000000	0000000000	00000000	
0583	05/05/2013 20:45	0000000008	0000000000	0000000000	0000000000	0000000000	0000000000	00000000	
0584	05/05/2013 21:00	0000000008	0000000000	0000000004	0000000000	0000000000	0000000000	00000000	
0585	05/05/2013 21:15	0000000008	0000000000	0000000000	0000000000	0000000000	0000000000	00000000	
0586	05/05/2013 21:30	0000000008	0000000000	0000000004	0000000000	0000000000	0000000000	00000000	
0587	05/05/2013 21:45	0000000008	0000000000	0000000000	0000000000	0000000000	0000000000	00000000	
0588	05/05/2013 22:00	0000000008	0000000000	0000000000	0000000000	0000000000	0000000000	00000000	
0589	05/05/2013 22:15	0000000008	0000000000	0000000004	0000000000	0000000000	0000000000	00000000	
0590	05/05/2013 22:30	0000000008	0000000000	0000000000	0000000000	0000000000	0000000000	00000000	
0591	05/05/2013 22:45	0000000008	0000000000	0000000000	0000000000	0000000000	0000000000	00000000	
0592	05/05/2013 23:00	0000000008	0000000000	0000000004	0000000000	0000000000	0000000000	00000000	
0593	05/05/2013 23:15	0000000004	0000000000	0000000000	0000000000	0000000000	0000000000	00000000	
0594	05/05/2013 23:30	0000000012	0000000000	0000000000	0000000000	0000000000	0000000000	00000000	
0595	05/05/2013 23:45	0000000004	0000000000	0000000004	0000000000	0000000000	0000000000	00000000	
