080	08/01/2013 00:00	0000000012	0000000000	0000000000	0000000000	0000000000	0000000024	00000000	
081	08/01/2013 00:15	0000000008	0000000000	0000000000	0000000000	0000000000	0000000020	00000000	
082	08/01/2013 00:30	0000000008	0000000000	0000000000	0000000000	0000000000	0000000020	00000000	
083	08/01/2013 00:45	0000000008	0000000000	0000000000	0000000000	0000000000	0000000024	00000000	
084	08/01/2013 01:00	0000000008	0000000000	0000000000	0000000000	0000000000	0000000020	00000000	
085	08/01/2013 01:15	0000000008	0000000000	0000000000	0000000000	0000000000	0000000024	00000000	
086	08/01/2013 01:30	0000000008	0000000000	0000000000	0000000000	0000000000	0000000020	00000000	
087	08/01/2013 01:45	0000000008	0000000000	0000000000	0000000000	0000000000	0000000024	00000000	
088	08/01/2013 02:00	0000000012	0000000000	0000000000	0000000000	0000000000	0000000020	00000000	
089	08/01/2013 02:15	0000000008	0000000000	0000000000	0000000000	0000000000	0000000024	00000000	
0810	08/01/2013 02:30	0000000012	0000000000	0000000000	0000000000	0000000000	0000000020	00000000	
0811	08/01/2013 02:45	0000000008	0000000000	0000000000	0000000000	0000000000	0000000020	00000000	
0812	08/01/2013 03:00	0000000008	0000000000	0000000000	0000000000	0000000000	0000000024	00000000	
0813	08/01/2013 03:15	0000000008	0000000000	0000000000	0000000000	0000000000	0000000020	00000000	
0814	08/01/2013 03:30	0000000012	0000000000	0000000000	0000000000	0000000000	0000000024	00000000	
0815	08/01/2013 03:45	0000000008	0000000000	0000000000	0000000000	0000000000	0000000020	00000000	
0816	08/01/2013 04:00	0000000008	0000000000	0000000000	0000000000	0000000000	0000000024	00000000	
0817	08/01/2013 04:15	0000000008	0000000000	0000000000	0000000000	0000000000	0000000020	00000000	
0818	08/01/2013 04:30	0000000012	0000000000	0000000000	0000000000	0000000000	0000000020	00000000	
0819	08/01/2013 04:45	0000000012	0000000000	0000000000	0000000000	0000000000	0000000020	00000000	
0820	08/01/2013 05:00	0000000016	0000000000	0000000000	0000000000	0000000000	0000000016	00000000	
0821	08/01/2013 05:15	0000000012	0000000000	0000000000	0000000000	0000000000	0000000020	00000000	
0822	08/01/2013 05:30	0000000012	0000000000	0000000000	0000000000	0000000000	0000000016	00000000	
0823	08/01/2013 05:45	0000000012	0000000000	0000000000	0000000000	0000000000	0000000020	00000000	
0824	08/01/2013 06:00	0000000016	0000000000	0000000000	0000000000	0000000000	0000000016	00000000	
0825	08/01/2013 06:15	0000000012	0000000000	0000000000	0000000000	0000000000	0000000020	00000000	
0826	08/01/2013 06:30	0000000012	0000000000	0000000000	0000000000	0000000000	0000000016	00000000	
0827	08/01/2013 06:45	0000000012	0000000000	0000000000	0000000000	0000000000	0000000024	00000000	
0828	08/01/2013 07:00	0000000012	0000000000	0000000000	0000000000	0000000000	0000000016	00000000	
0829	08/01/2013 07:15	0000000016	0000000000	0000000000	0000000000	0000000000	0000000020	00000000	
0830	08/01/2013 07:30	0000000008	0000000000	0000000000	0000000000	0000000000	0000000020	00000000	
0831	08/01/2013 07:45	0000000008	0000000000	0000000000	0000000000	0000000000	0000000020	00000000	
0832	08/01/2013 08:00	0000000012	0000000000	0000000000	0000000000	0000000000	0000000024	00000000	
0833	08/01/2013 08:15	0000000008	0000000000	0000000000	0000000000	0000000000	0000000020	00000000	
0834	08/01/2013 08:30	0000000012	0000000000	0000000000	0000000000	0000000000	0000000020	00000000	
0835	08/01/2013 08:45	0000000012	0000000000	0000000000	0000000000	0000000000	0000000024	00000000	
0836	08/01/2013 09:00	0000000008	0000000000	0000000000	0000000000	0000000000	0000000020	00000000	
0837	08/01/2013 09:15	0000000012	0000000000	0000000000	0000000000	0000000000	0000000020	00000000	
0838	08/01/2013 09:30	0000000008	0000000000	0000000000	0000000000	0000000000	0000000024	00000000	
0839	08/01/2013 09:45	0000000008	0000000000	0000000000	0000000000	0000000000	0000000020	00000000	
0840	08/01/2013 10:00	0000000012	0000000000	0000000000	0000000000	0000000000	0000000024	00000000	
0841	08/01/2013 10:15	0000000008	0000000000	0000000000	0000000000	0000000000	0000000020	00000000	
0842	08/01/2013 10:30	0000000012	0000000000	0000000000	0000000000	0000000000	0000000024	00000000	
0843	08/01/2013 10:45	0000000008	0000000000	0000000000	0000000000	0000000000	0000000020	00000000	
0844	08/01/2013 11:00	0000000008	0000000000	0000000000	0000000000	0000000000	0000000024	00000000	
0845	08/01/2013 11:15	0000000008	0000000000	0000000000	0000000000	0000000000	0000000024	00000000	
0846	08/01/2013 11:30	0000000012	0000000000	0000000000	0000000000	0000000000	0000000024	00000000	
0847	08/01/2013 11:45	0000000008	0000000000	0000000000	0000000000	0000000000	0000000024	00000000	
0848	08/01/2013 12:00	0000000012	0000000000	0000000000	0000000000	0000000000	0000000024	00000000	
0849	08/01/2013 12:15	0000000008	0000000000	0000000000	0000000000	0000000000	0000000024	00000000	
0850	08/01/2013 12:30	0000000012	0000000000	0000000000	0000000000	0000000000	0000000024	00000000	
0851	08/01/2013 12:45	0000000008	0000000000	0000000000	0000000000	0000000000	0000000024	00000000	
0852	08/01/2013 13:00	0000000008	0000000000	0000000000	0000000000	0000000000	0000000024	00000000	
0853	08/01/2013 13:15	0000000008	0000000000	0000000000	0000000000	0000000000	0000000024	00000000	
0854	08/01/2013 13:30	0000000008	0000000000	0000000000	0000000000	0000000000	0000000024	00000000	
0855	08/01/2013 13:45	0000000004	0000000000	0000000000	0000000000	0000000000	0000000028	00000000	
0856	08/01/2013 14:00	0000000008	0000000000	0000000000	0000000000	0000000000	0000000024	00000000	
0857	08/01/2013 14:15	0000000008	0000000000	0000000000	0000000000	0000000000	0000000024	00000000	
0858	08/01/2013 14:30	0000000008	0000000000	0000000000	0000000000	0000000000	0000000024	00000000	
0859	08/01/2013 14:45	0000000008	0000000000	0000000000	0000000000	0000000000	0000000024	00000000	
0860	08/01/2013 15:00	0000000008	0000000000	0000000000	0000000000	0000000000	0000000024	00000000	
0861	08/01/2013 15:15	0000000008	0000000000	0000000000	0000000000	0000000000	0000000024	00000000	
0862	08/01/2013 15:30	0000000004	0000000000	0000000000	0000000000	0000000000	0000000024	00000000	
0863	08/01/2013 15:45	0000000008	0000000000	0000000000	0000000000	0000000000	0000000024	00000000	
0864	08/01/2013 16:00	0000000008	0000000000	0000000000	0000000000	0000000000	0000000024	00000000	
0865	08/01/2013 16:15	0000000008	0000000000	0000000000	0000000000	0000000000	0000000028	00000000	
0866	08/01/2013 16:30	0000000008	0000000000	0000000000	0000000000	0000000000	0000000024	00000000	
0867	08/01/2013 16:45	0000000004	0000000000	0000000000	0000000000	0000000000	0000000024	00000000	
0868	08/01/2013 17:00	0000000008	0000000000	0000000000	0000000000	0000000000	0000000024	00000000	
0869	08/01/2013 17:15	0000000008	0000000000	0000000000	0000000000	0000000000	0000000024	00000000	
0870	08/01/2013 17:30	0000000008	0000000000	0000000000	0000000000	0000000000	0000000024	00000000	
0871	08/01/2013 17:45	0000000008	0000000000	0000000000	0000000000	0000000000	0000000024	00000000	
0872	08/01/2013 18:00	0000000004	0000000000	0000000000	0000000000	0000000000	0000000024	00000000	
0873	08/01/2013 18:15	0000000008	0000000000	0000000000	0000000000	0000000000	0000000024	00000000	
0874	08/01/2013 18:30	0000000012	0000000000	0000000000	0000000000	0000000000	0000000024	00000000	
0875	08/01/2013 18:45	0000000004	0000000000	0000000000	0000000000	0000000000	0000000024	00000000	
0876	08/01/2013 19:00	0000000012	0000000000	0000000000	0000000000	0000000000	0000000024	00000000	
0877	08/01/2013 19:15	0000000004	0000000000	0000000000	0000000000	0000000000	0000000024	00000000	
0878	08/01/2013 19:30	0000000008	0000000000	0000000000	0000000000	0000000000	0000000028	00000000	
0879	08/01/2013 19:45	0000000008	0000000000	0000000000	0000000000	0000000000	0000000024	00000000	
0880	08/01/2013 20:00	0000000004	0000000000	0000000000	0000000000	0000000000	0000000024	00000000	
0881	08/01/2013 20:15	0000000008	0000000000	0000000000	0000000000	0000000000	0000000024	00000000	
0882	08/01/2013 20:30	0000000008	0000000000	0000000000	0000000000	0000000000	0000000024	00000000	
0883	08/01/2013 20:45	0000000004	0000000000	0000000000	0000000000	0000000000	0000000024	00000000	
0884	08/01/2013 21:00	0000000008	0000000000	0000000000	0000000000	0000000000	0000000028	00000000	
0885	08/01/2013 21:15	0000000008	0000000000	0000000000	0000000000	0000000000	0000000024	00000000	
0886	08/01/2013 21:30	0000000012	0000000000	0000000000	0000000000	0000000000	0000000024	00000000	
0887	08/01/2013 21:45	0000000004	0000000000	0000000000	0000000000	0000000000	0000000024	00000000	
0888	08/01/2013 22:00	0000000008	0000000000	0000000000	0000000000	0000000000	0000000024	00000000	
0889	08/01/2013 22:15	0000000008	0000000000	0000000000	0000000000	0000000000	0000000024	00000000	
0890	08/01/2013 22:30	0000000004	0000000000	0000000000	0000000000	0000000000	0000000028	00000000	
0891	08/01/2013 22:45	0000000008	0000000000	0000000000	0000000000	0000000000	0000000024	00000000	
0892	08/01/2013 23:00	0000000008	0000000000	0000000000	0000000000	0000000000	0000000024	00000000	
0893	08/01/2013 23:15	0000000004	0000000000	0000000000	0000000000	0000000000	0000000024	00000000	
0894	08/01/2013 23:30	0000000008	0000000000	0000000000	0000000000	0000000000	0000000024	00000000	
0895	08/01/2013 23:45	0000000008	0000000000	0000000000	0000000000	0000000000	0000000028	00000000	
