270	27/12/2013 00:00	0000000080	0000000000	0000000000	0000000000	0000000000	0000000032	00000000	
271	27/12/2013 00:15	0000000080	0000000000	0000000000	0000000000	0000000000	0000000036	00000000	
272	27/12/2013 00:30	0000000076	0000000000	0000000000	0000000000	0000000000	0000000032	00000000	
273	27/12/2013 00:45	0000000088	0000000000	0000000000	0000000000	0000000000	0000000040	00000000	
274	27/12/2013 01:00	0000000076	0000000000	0000000000	0000000000	0000000000	0000000036	00000000	
275	27/12/2013 01:15	0000000084	0000000000	0000000000	0000000000	0000000000	0000000036	00000000	
276	27/12/2013 01:30	0000000072	0000000000	0000000000	0000000000	0000000000	0000000032	00000000	
277	27/12/2013 01:45	0000000080	0000000000	0000000000	0000000000	0000000000	0000000036	00000000	
278	27/12/2013 02:00	0000000076	0000000000	0000000000	0000000000	0000000000	0000000032	00000000	
279	27/12/2013 02:15	0000000076	0000000000	0000000000	0000000000	0000000000	0000000036	00000000	
2710	27/12/2013 02:30	0000000080	0000000000	0000000000	0000000000	0000000000	0000000036	00000000	
2711	27/12/2013 02:45	0000000068	0000000000	0000000000	0000000000	0000000000	0000000036	00000000	
2712	27/12/2013 03:00	0000000084	0000000000	0000000000	0000000000	0000000000	0000000040	00000000	
2713	27/12/2013 03:15	0000000072	0000000000	0000000000	0000000000	0000000000	0000000036	00000000	
2714	27/12/2013 03:30	0000000084	0000000000	0000000000	0000000000	0000000000	0000000036	00000000	
2715	27/12/2013 03:45	0000000072	0000000000	0000000000	0000000000	0000000000	0000000036	00000000	
2716	27/12/2013 04:00	0000000072	0000000000	0000000000	0000000000	0000000000	0000000032	00000000	
2717	27/12/2013 04:15	0000000080	0000000000	0000000000	0000000000	0000000000	0000000040	00000000	
2718	27/12/2013 04:30	0000000076	0000000000	0000000000	0000000000	0000000000	0000000036	00000000	
2719	27/12/2013 04:45	0000000084	0000000000	0000000000	0000000000	0000000000	0000000032	00000000	
2720	27/12/2013 05:00	0000000112	0000000000	0000000000	0000000000	0000000000	0000000040	00000000	
2721	27/12/2013 05:15	0000000168	0000000000	0000000000	0000000000	0000000000	0000000052	00000100	
2722	27/12/2013 05:30	0000000164	0000000000	0000000000	0000000000	0000000000	0000000056	00000000	
2723	27/12/2013 05:45	0000000148	0000000000	0000000000	0000000000	0000000000	0000000056	00000000	
2724	27/12/2013 06:00	0000000156	0000000000	0000000000	0000000000	0000000000	0000000056	00000000	
2725	27/12/2013 06:15	0000000148	0000000000	0000000000	0000000000	0000000000	0000000056	00000000	
2726	27/12/2013 06:30	0000000172	0000000000	0000000000	0000000000	0000000000	0000000044	00000000	
2727	27/12/2013 06:45	0000000172	0000000000	0000000000	0000000000	0000000000	0000000040	00000000	
2728	27/12/2013 07:00	0000000180	0000000000	0000000000	0000000000	0000000000	0000000032	00000000	
2729	27/12/2013 07:15	0000000172	0000000000	0000000000	0000000000	0000000000	0000000044	00000000	
2730	27/12/2013 07:30	0000000172	0000000000	0000000000	0000000000	0000000000	0000000036	00000000	
2731	27/12/2013 07:45	0000000180	0000000000	0000000000	0000000000	0000000000	0000000036	00000000	
2732	27/12/2013 08:00	0000000176	0000000000	0000000000	0000000000	0000000000	0000000032	00000000	
2733	27/12/2013 08:15	0000000168	0000000000	0000000000	0000000000	0000000000	0000000040	00000000	
2734	27/12/2013 08:30	0000000172	0000000000	0000000000	0000000000	0000000000	0000000044	00000000	
2735	27/12/2013 08:45	0000000168	0000000000	0000000000	0000000000	0000000000	0000000048	00000000	
2736	27/12/2013 09:00	0000000160	0000000000	0000000000	0000000000	0000000000	0000000044	00000000	
2737	27/12/2013 09:15	0000000136	0000000000	0000000000	0000000000	0000000000	0000000072	00000000	
2738	27/12/2013 09:30	0000000136	0000000000	0000000000	0000000000	0000000000	0000000076	00000000	
2739	27/12/2013 09:45	0000000160	0000000000	0000000000	0000000000	0000000000	0000000052	00000000	
2740	27/12/2013 10:00	0000000160	0000000000	0000000000	0000000000	0000000000	0000000048	00000000	
2741	27/12/2013 10:15	0000000168	0000000000	0000000000	0000000000	0000000000	0000000040	00000000	
2742	27/12/2013 10:30	0000000148	0000000000	0000000000	0000000000	0000000000	0000000056	00000000	
2743	27/12/2013 10:45	0000000160	0000000000	0000000000	0000000000	0000000000	0000000044	00000000	
2744	27/12/2013 11:00	0000000156	0000000000	0000000000	0000000000	0000000000	0000000048	00000000	
2745	27/12/2013 11:15	0000000164	0000000000	0000000000	0000000000	0000000000	0000000048	00000000	
2746	27/12/2013 11:30	0000000168	0000000000	0000000000	0000000000	0000000000	0000000040	00000000	
2747	27/12/2013 11:45	0000000164	0000000000	0000000000	0000000000	0000000000	0000000048	00000000	
2748	27/12/2013 12:00	0000000164	0000000000	0000000000	0000000000	0000000000	0000000044	00000000	
2749	27/12/2013 12:15	0000000164	0000000000	0000000000	0000000000	0000000000	0000000048	00000000	
2750	27/12/2013 12:30	0000000160	0000000000	0000000000	0000000000	0000000000	0000000044	00000000	
2751	27/12/2013 12:45	0000000168	0000000000	0000000000	0000000000	0000000000	0000000048	00000000	
2752	27/12/2013 13:00	0000000160	0000000000	0000000000	0000000000	0000000000	0000000048	00000000	
2753	27/12/2013 13:15	0000000152	0000000000	0000000000	0000000000	0000000000	0000000060	00000000	
2754	27/12/2013 13:30	0000000152	0000000000	0000000000	0000000000	0000000000	0000000060	00000000	
2755	27/12/2013 13:45	0000000140	0000000000	0000000000	0000000000	0000000000	0000000068	00000000	
2756	27/12/2013 14:00	0000000160	0000000000	0000000000	0000000000	0000000000	0000000048	00000000	
2757	27/12/2013 14:15	0000000160	0000000000	0000000000	0000000000	0000000000	0000000040	00000000	
2758	27/12/2013 14:30	0000000176	0000000000	0000000000	0000000000	0000000000	0000000032	00000000	
2759	27/12/2013 14:45	0000000180	0000000000	0000000000	0000000000	0000000000	0000000020	00000000	
2760	27/12/2013 15:00	0000000172	0000000000	0000000000	0000000000	0000000000	0000000028	00000000	
2761	27/12/2013 15:15	0000000172	0000000000	0000000000	0000000000	0000000000	0000000028	00000000	
2762	27/12/2013 15:30	0000000176	0000000000	0000000000	0000000000	0000000000	0000000020	00000000	
2763	27/12/2013 15:45	0000000176	0000000000	0000000000	0000000000	0000000000	0000000028	00000000	
2764	27/12/2013 16:00	0000000168	0000000000	0000000000	0000000000	0000000000	0000000024	00000000	
2765	27/12/2013 16:15	0000000148	0000000000	0000000000	0000000000	0000000000	0000000044	00000000	
2766	27/12/2013 16:30	0000000120	0000000000	0000000000	0000000000	0000000000	0000000052	00000000	
2767	27/12/2013 16:45	0000000108	0000000000	0000000000	0000000000	0000000000	0000000052	00000000	
2768	27/12/2013 17:00	0000000096	0000000000	0000000000	0000000000	0000000000	0000000036	00000000	
2769	27/12/2013 17:15	0000000100	0000000000	0000000000	0000000000	0000000000	0000000032	00000000	
2770	27/12/2013 17:30	0000000092	0000000000	0000000000	0000000000	0000000000	0000000036	00000000	
2771	27/12/2013 17:45	0000000088	0000000000	0000000000	0000000000	0000000000	0000000044	00000000	
2772	27/12/2013 18:00	0000000116	0000000000	0000000000	0000000000	0000000000	0000000044	00000000	
2773	27/12/2013 18:15	0000000112	0000000000	0000000000	0000000000	0000000000	0000000060	00000000	
2774	27/12/2013 18:30	0000000104	0000000000	0000000000	0000000000	0000000000	0000000060	00000000	
2775	27/12/2013 18:45	0000000088	0000000000	0000000000	0000000000	0000000000	0000000036	00000000	
2776	27/12/2013 19:00	0000000104	0000000000	0000000000	0000000000	0000000000	0000000040	00000000	
2777	27/12/2013 19:15	0000000088	0000000000	0000000000	0000000000	0000000000	0000000036	00000000	
2778	27/12/2013 19:30	0000000096	0000000000	0000000000	0000000000	0000000000	0000000036	00000000	
2779	27/12/2013 19:45	0000000096	0000000000	0000000000	0000000000	0000000000	0000000044	00000000	
2780	27/12/2013 20:00	0000000084	0000000000	0000000000	0000000000	0000000000	0000000036	00000000	
2781	27/12/2013 20:15	0000000096	0000000000	0000000000	0000000000	0000000000	0000000040	00000000	
2782	27/12/2013 20:30	0000000092	0000000000	0000000000	0000000000	0000000000	0000000040	00000000	
2783	27/12/2013 20:45	0000000088	0000000000	0000000000	0000000000	0000000000	0000000036	00000000	
2784	27/12/2013 21:00	0000000096	0000000000	0000000000	0000000000	0000000000	0000000040	00000000	
2785	27/12/2013 21:15	0000000088	0000000000	0000000000	0000000000	0000000000	0000000036	00000000	
2786	27/12/2013 21:30	0000000092	0000000000	0000000000	0000000000	0000000000	0000000040	00000000	
2787	27/12/2013 21:45	0000000096	0000000000	0000000000	0000000000	0000000000	0000000044	00000000	
2788	27/12/2013 22:00	0000000084	0000000000	0000000000	0000000000	0000000000	0000000036	00000000	
2789	27/12/2013 22:15	0000000088	0000000000	0000000000	0000000000	0000000000	0000000036	00000000	
2790	27/12/2013 22:30	0000000088	0000000000	0000000000	0000000000	0000000000	0000000044	00000000	
2791	27/12/2013 22:45	0000000084	0000000000	0000000000	0000000000	0000000000	0000000040	00000000	
2792	27/12/2013 23:00	0000000088	0000000000	0000000000	0000000000	0000000000	0000000036	00000000	
2793	27/12/2013 23:15	0000000088	0000000000	0000000000	0000000000	0000000000	0000000040	00000000	
2794	27/12/2013 23:30	0000000088	0000000000	0000000000	0000000000	0000000000	0000000036	00000000	
2795	27/12/2013 23:45	0000000092	0000000000	0000000000	0000000000	0000000000	0000000036	00000000	
