230	23/03/2014 00:00	0000000008	0000000000	0000000000	0000000000	0000000000	0000000000	00000000	
231	23/03/2014 00:15	0000000004	0000000000	0000000000	0000000000	0000000000	0000000000	00000000	
232	23/03/2014 00:30	0000000008	0000000000	0000000004	0000000000	0000000000	0000000000	00000000	
233	23/03/2014 00:45	0000000008	0000000000	0000000000	0000000000	0000000000	0000000000	00000000	
234	23/03/2014 01:00	0000000004	0000000000	0000000000	0000000000	0000000000	0000000000	00000000	
235	23/03/2014 01:15	0000000008	0000000000	0000000000	0000000000	0000000000	0000000000	00000000	
236	23/03/2014 01:30	0000000008	0000000000	0000000000	0000000000	0000000000	0000000000	00000000	
237	23/03/2014 01:45	0000000008	0000000000	0000000004	0000000000	0000000000	0000000000	00000000	
238	23/03/2014 02:00	0000000008	0000000000	0000000000	0000000000	0000000000	0000000000	00000000	
239	23/03/2014 02:15	0000000008	0000000000	0000000000	0000000000	0000000000	0000000000	00000000	
2310	23/03/2014 02:30	0000000004	0000000000	0000000000	0000000000	0000000000	0000000000	00000000	
2311	23/03/2014 02:45	0000000008	0000000000	0000000004	0000000000	0000000000	0000000000	00000000	
2312	23/03/2014 03:00	0000000008	0000000000	0000000000	0000000000	0000000000	0000000000	00000000	
2313	23/03/2014 03:15	0000000004	0000000000	0000000000	0000000000	0000000000	0000000000	00000000	
2314	23/03/2014 03:30	0000000008	0000000000	0000000004	0000000000	0000000000	0000000000	00000000	
2315	23/03/2014 03:45	0000000008	0000000000	0000000000	0000000000	0000000000	0000000000	00000000	
2316	23/03/2014 04:00	0000000004	0000000000	0000000000	0000000000	0000000000	0000000000	00000000	
2317	23/03/2014 04:15	0000000008	0000000000	0000000004	0000000000	0000000000	0000000000	00000000	
2318	23/03/2014 04:30	0000000008	0000000000	0000000000	0000000000	0000000000	0000000000	00000000	
2319	23/03/2014 04:45	0000000004	0000000000	0000000000	0000000000	0000000000	0000000000	00000000	
2320	23/03/2014 05:00	0000000008	0000000000	0000000004	0000000000	0000000000	0000000000	00000000	
2321	23/03/2014 05:15	0000000004	0000000000	0000000000	0000000000	0000000000	0000000000	00000000	
231	23/03/2014 00:15	0000000004	0000000000	0000000000	0000000000	0000000000	0000000000	00000000	
232	23/03/2014 00:30	0000000008	0000000000	0000000004	0000000000	0000000000	0000000000	00000000	
233	23/03/2014 00:45	0000000008	0000000000	0000000000	0000000000	0000000000	0000000000	00000000	
234	23/03/2014 01:00	0000000004	0000000000	0000000000	0000000000	0000000000	0000000000	00000000	
235	23/03/2014 01:15	0000000008	0000000000	0000000000	0000000000	0000000000	0000000000	00000000	
236	23/03/2014 01:30	0000000008	0000000000	0000000000	0000000000	0000000000	0000000000	00000000	
237	23/03/2014 01:45	0000000008	0000000000	0000000004	0000000000	0000000000	0000000000	00000000	
238	23/03/2014 02:00	0000000008	0000000000	0000000000	0000000000	0000000000	0000000000	00000000	
239	23/03/2014 02:15	0000000008	0000000000	0000000000	0000000000	0000000000	0000000000	00000000	
2310	23/03/2014 02:30	0000000004	0000000000	0000000000	0000000000	0000000000	0000000000	00000000	
2311	23/03/2014 02:45	0000000008	0000000000	0000000004	0000000000	0000000000	0000000000	00000000	
2312	23/03/2014 03:00	0000000008	0000000000	0000000000	0000000000	0000000000	0000000000	00000000	
2313	23/03/2014 03:15	0000000004	0000000000	0000000000	0000000000	0000000000	0000000000	00000000	
2314	23/03/2014 03:30	0000000008	0000000000	0000000004	0000000000	0000000000	0000000000	00000000	
2315	23/03/2014 03:45	0000000008	0000000000	0000000000	0000000000	0000000000	0000000000	00000000	
2316	23/03/2014 04:00	0000000004	0000000000	0000000000	0000000000	0000000000	0000000000	00000000	
2317	23/03/2014 04:15	0000000008	0000000000	0000000004	0000000000	0000000000	0000000000	00000000	
2318	23/03/2014 04:30	0000000008	0000000000	0000000000	0000000000	0000000000	0000000000	00000000	
2319	23/03/2014 04:45	0000000004	0000000000	0000000000	0000000000	0000000000	0000000000	00000000	
2320	23/03/2014 05:00	0000000008	0000000000	0000000004	0000000000	0000000000	0000000000	00000000	
2321	23/03/2014 05:15	0000000004	0000000000	0000000000	0000000000	0000000000	0000000000	00000000	
2322	23/03/2014 05:30	0000000008	0000000000	0000000000	0000000000	0000000000	0000000000	00000000	
2323	23/03/2014 05:45	0000000008	0000000000	0000000004	0000000000	0000000000	0000000000	00000000	
2324	23/03/2014 06:00	0000000004	0000000000	0000000000	0000000000	0000000000	0000000000	00000000	
2325	23/03/2014 06:15	0000000004	0000000000	0000000000	0000000000	0000000000	0000000000	00000000	
2326	23/03/2014 06:30	0000000008	0000000000	0000000004	0000000000	0000000000	0000000000	00000000	
2327	23/03/2014 06:45	0000000008	0000000000	0000000000	0000000000	0000000000	0000000000	00000000	
2328	23/03/2014 07:00	0000000004	0000000000	0000000000	0000000000	0000000000	0000000000	00000000	
2329	23/03/2014 07:15	0000000008	0000000000	0000000000	0000000000	0000000000	0000000000	00000000	
2330	23/03/2014 07:30	0000000008	0000000000	0000000004	0000000000	0000000000	0000000000	00000000	
2331	23/03/2014 07:45	0000000004	0000000000	0000000000	0000000000	0000000000	0000000000	00000000	
2332	23/03/2014 08:00	0000000008	0000000000	0000000000	0000000000	0000000000	0000000000	00000000	
2333	23/03/2014 08:15	0000000008	0000000000	0000000004	0000000000	0000000000	0000000000	00000000	
2334	23/03/2014 08:30	0000000004	0000000000	0000000000	0000000000	0000000000	0000000000	00000000	
2335	23/03/2014 08:45	0000000004	0000000000	0000000000	0000000000	0000000000	0000000000	00000000	
2336	23/03/2014 09:00	0000000008	0000000000	0000000000	0000000000	0000000000	0000000000	00000000	
2337	23/03/2014 09:15	0000000008	0000000000	0000000000	0000000000	0000000000	0000000000	00000000	
2338	23/03/2014 09:30	0000000004	0000000000	0000000004	0000000000	0000000000	0000000000	00000000	
2339	23/03/2014 09:45	0000000012	0000000000	0000000000	0000000000	0000000000	0000000000	00000000	
2340	23/03/2014 10:00	0000000008	0000000000	0000000000	0000000000	0000000000	0000000000	00000000	
2341	23/03/2014 10:15	0000000004	0000000000	0000000000	0000000000	0000000000	0000000000	00000000	
2342	23/03/2014 10:30	0000000008	0000000000	0000000004	0000000000	0000000000	0000000000	00000000	
2343	23/03/2014 10:45	0000000008	0000000000	0000000000	0000000000	0000000000	0000000000	00000000	
2344	23/03/2014 11:00	0000000004	0000000000	0000000000	0000000000	0000000000	0000000000	00000000	
2345	23/03/2014 11:15	0000000008	0000000000	0000000000	0000000000	0000000000	0000000000	00000000	
2346	23/03/2014 11:30	0000000008	0000000000	0000000004	0000000000	0000000000	0000000000	00000000	
2347	23/03/2014 11:45	0000000004	0000000000	0000000000	0000000000	0000000000	0000000000	00000000	
2348	23/03/2014 12:00	0000000004	0000000000	0000000000	0000000000	0000000000	0000000000	00000000	
2349	23/03/2014 12:15	0000000008	0000000000	0000000000	0000000000	0000000000	0000000000	00000000	
2350	23/03/2014 12:30	0000000008	0000000000	0000000004	0000000000	0000000000	0000000000	00000000	
2351	23/03/2014 12:45	0000000008	0000000000	0000000000	0000000000	0000000000	0000000000	00000000	
2352	23/03/2014 13:00	0000000008	0000000000	0000000000	0000000000	0000000000	0000000000	00000000	
2353	23/03/2014 13:15	0000000008	0000000000	0000000000	0000000000	0000000000	0000000000	00000000	
2354	23/03/2014 13:30	0000000008	0000000000	0000000004	0000000000	0000000000	0000000000	00000000	
2355	23/03/2014 13:45	0000000004	0000000000	0000000000	0000000000	0000000000	0000000000	00000000	
2356	23/03/2014 14:00	0000000008	0000000000	0000000000	0000000000	0000000000	0000000000	00000000	
2357	23/03/2014 14:15	0000000008	0000000000	0000000004	0000000000	0000000000	0000000000	00000000	
2358	23/03/2014 14:30	0000000004	0000000000	0000000000	0000000000	0000000000	0000000000	00000000	
2359	23/03/2014 14:45	0000000008	0000000000	0000000000	0000000000	0000000000	0000000000	00000000	
2360	23/03/2014 15:00	0000000008	0000000000	0000000000	0000000000	0000000000	0000000000	00000000	
2361	23/03/2014 15:15	0000000004	0000000000	0000000000	0000000000	0000000000	0000000000	00000000	
2362	23/03/2014 15:30	0000000008	0000000000	0000000004	0000000000	0000000000	0000000000	00000000	
2363	23/03/2014 15:45	0000000008	0000000000	0000000000	0000000000	0000000000	0000000000	00000000	
2364	23/03/2014 16:00	0000000004	0000000000	0000000000	0000000000	0000000000	0000000000	00000000	
2365	23/03/2014 16:15	0000000008	0000000000	0000000004	0000000000	0000000000	0000000000	00000000	
2366	23/03/2014 16:30	0000000008	0000000000	0000000000	0000000000	0000000000	0000000000	00000000	
2367	23/03/2014 16:45	0000000004	0000000000	0000000000	0000000000	0000000000	0000000000	00000000	
2368	23/03/2014 17:00	0000000008	0000000000	0000000000	0000000000	0000000000	0000000000	00000000	
2369	23/03/2014 17:15	0000000008	0000000000	0000000000	0000000000	0000000000	0000000000	00000000	
2370	23/03/2014 17:30	0000000008	0000000000	0000000004	0000000000	0000000000	0000000000	00000000	
2371	23/03/2014 17:45	0000000004	0000000000	0000000000	0000000000	0000000000	0000000000	00000000	
2372	23/03/2014 18:00	0000000008	0000000000	0000000000	0000000000	0000000000	0000000000	00000000	
2373	23/03/2014 18:15	0000000008	0000000000	0000000004	0000000000	0000000000	0000000000	00000000	
2374	23/03/2014 18:30	0000000004	0000000000	0000000000	0000000000	0000000000	0000000000	00000000	
2375	23/03/2014 18:45	0000000008	0000000000	0000000000	0000000000	0000000000	0000000000	00000000	
2376	23/03/2014 19:00	0000000004	0000000000	0000000000	0000000000	0000000000	0000000000	00000000	
2377	23/03/2014 19:15	0000000008	0000000000	0000000004	0000000000	0000000000	0000000000	00000000	
2378	23/03/2014 19:30	0000000008	0000000000	0000000000	0000000000	0000000000	0000000000	00000000	
2379	23/03/2014 19:45	0000000004	0000000000	0000000000	0000000000	0000000000	0000000000	00000000	
2380	23/03/2014 20:00	0000000008	0000000000	0000000000	0000000000	0000000000	0000000000	00000000	
2381	23/03/2014 20:15	0000000004	0000000000	0000000004	0000000000	0000000000	0000000000	00000000	
2382	23/03/2014 20:30	0000000004	0000000000	0000000000	0000000000	0000000000	0000000000	00000000	
2383	23/03/2014 20:45	0000000008	0000000000	0000000000	0000000000	0000000000	0000000000	00000000	
2384	23/03/2014 21:00	0000000008	0000000000	0000000000	0000000000	0000000000	0000000000	00000000	
2385	23/03/2014 21:15	0000000004	0000000000	0000000000	0000000000	0000000000	0000000000	00000000	
2386	23/03/2014 21:30	0000000008	0000000000	0000000004	0000000000	0000000000	0000000000	00000000	
2387	23/03/2014 21:45	0000000004	0000000000	0000000000	0000000000	0000000000	0000000000	00000000	
2388	23/03/2014 22:00	0000000008	0000000000	0000000000	0000000000	0000000000	0000000000	00000000	
2389	23/03/2014 22:15	0000000008	0000000000	0000000000	0000000000	0000000000	0000000000	00000000	
2390	23/03/2014 22:30	0000000012	0000000000	0000000000	0000000000	0000000000	0000000000	00000000	
2391	23/03/2014 22:45	0000000008	0000000000	0000000004	0000000000	0000000000	0000000000	00000000	
2392	23/03/2014 23:00	0000000008	0000000000	0000000004	0000000000	0000000000	0000000000	00000000	
2393	23/03/2014 23:15	0000000004	0000000000	0000000000	0000000000	0000000000	0000000000	00000000	
2394	23/03/2014 23:30	0000000008	0000000000	0000000000	0000000000	0000000000	0000000000	00000000	
2395	23/03/2014 23:45	0000000008	0000000000	0000000004	0000000000	0000000000	0000000000	00000000	
231	23/03/2014 00:15	0000000004	0000000000	0000000000	0000000000	0000000000	0000000000	00000000	
232	23/03/2014 00:30	0000000008	0000000000	0000000004	0000000000	0000000000	0000000000	00000000	
233	23/03/2014 00:45	0000000008	0000000000	0000000000	0000000000	0000000000	0000000000	00000000	
234	23/03/2014 01:00	0000000004	0000000000	0000000000	0000000000	0000000000	0000000000	00000000	
235	23/03/2014 01:15	0000000008	0000000000	0000000000	0000000000	0000000000	0000000000	00000000	
236	23/03/2014 01:30	0000000008	0000000000	0000000000	0000000000	0000000000	0000000000	00000000	
237	23/03/2014 01:45	0000000008	0000000000	0000000004	0000000000	0000000000	0000000000	00000000	
238	23/03/2014 02:00	0000000008	0000000000	0000000000	0000000000	0000000000	0000000000	00000000	
239	23/03/2014 02:15	0000000008	0000000000	0000000000	0000000000	0000000000	0000000000	00000000	
2310	23/03/2014 02:30	0000000004	0000000000	0000000000	0000000000	0000000000	0000000000	00000000	
2311	23/03/2014 02:45	0000000008	0000000000	0000000004	0000000000	0000000000	0000000000	00000000	
2312	23/03/2014 03:00	0000000008	0000000000	0000000000	0000000000	0000000000	0000000000	00000000	
2313	23/03/2014 03:15	0000000004	0000000000	0000000000	0000000000	0000000000	0000000000	00000000	
2314	23/03/2014 03:30	0000000008	0000000000	0000000004	0000000000	0000000000	0000000000	00000000	
2315	23/03/2014 03:45	0000000008	0000000000	0000000000	0000000000	0000000000	0000000000	00000000	
2316	23/03/2014 04:00	0000000004	0000000000	0000000000	0000000000	0000000000	0000000000	00000000	
2317	23/03/2014 04:15	0000000008	0000000000	0000000004	0000000000	0000000000	0000000000	00000000	
2318	23/03/2014 04:30	0000000008	0000000000	0000000000	0000000000	0000000000	0000000000	00000000	
2319	23/03/2014 04:45	0000000004	0000000000	0000000000	0000000000	0000000000	0000000000	00000000	
2320	23/03/2014 05:00	0000000008	0000000000	0000000004	0000000000	0000000000	0000000000	00000000	
2321	23/03/2014 05:15	0000000004	0000000000	0000000000	0000000000	0000000000	0000000000	00000000	
2322	23/03/2014 05:30	0000000008	0000000000	0000000000	0000000000	0000000000	0000000000	00000000	
2323	23/03/2014 05:45	0000000008	0000000000	0000000004	0000000000	0000000000	0000000000	00000000	
2324	23/03/2014 06:00	0000000004	0000000000	0000000000	0000000000	0000000000	0000000000	00000000	
2325	23/03/2014 06:15	0000000004	0000000000	0000000000	0000000000	0000000000	0000000000	00000000	
2326	23/03/2014 06:30	0000000008	0000000000	0000000004	0000000000	0000000000	0000000000	00000000	
2327	23/03/2014 06:45	0000000008	0000000000	0000000000	0000000000	0000000000	0000000000	00000000	
2328	23/03/2014 07:00	0000000004	0000000000	0000000000	0000000000	0000000000	0000000000	00000000	
2329	23/03/2014 07:15	0000000008	0000000000	0000000000	0000000000	0000000000	0000000000	00000000	
2330	23/03/2014 07:30	0000000008	0000000000	0000000004	0000000000	0000000000	0000000000	00000000	
2331	23/03/2014 07:45	0000000004	0000000000	0000000000	0000000000	0000000000	0000000000	00000000	
2332	23/03/2014 08:00	0000000008	0000000000	0000000000	0000000000	0000000000	0000000000	00000000	
2333	23/03/2014 08:15	0000000008	0000000000	0000000004	0000000000	0000000000	0000000000	00000000	
2334	23/03/2014 08:30	0000000004	0000000000	0000000000	0000000000	0000000000	0000000000	00000000	
2335	23/03/2014 08:45	0000000004	0000000000	0000000000	0000000000	0000000000	0000000000	00000000	
2336	23/03/2014 09:00	0000000008	0000000000	0000000000	0000000000	0000000000	0000000000	00000000	
2337	23/03/2014 09:15	0000000008	0000000000	0000000000	0000000000	0000000000	0000000000	00000000	
2338	23/03/2014 09:30	0000000004	0000000000	0000000004	0000000000	0000000000	0000000000	00000000	
2339	23/03/2014 09:45	0000000012	0000000000	0000000000	0000000000	0000000000	0000000000	00000000	
2340	23/03/2014 10:00	0000000008	0000000000	0000000000	0000000000	0000000000	0000000000	00000000	
2341	23/03/2014 10:15	0000000004	0000000000	0000000000	0000000000	0000000000	0000000000	00000000	
2342	23/03/2014 10:30	0000000008	0000000000	0000000004	0000000000	0000000000	0000000000	00000000	
2343	23/03/2014 10:45	0000000008	0000000000	0000000000	0000000000	0000000000	0000000000	00000000	
2344	23/03/2014 11:00	0000000004	0000000000	0000000000	0000000000	0000000000	0000000000	00000000	
2345	23/03/2014 11:15	0000000008	0000000000	0000000000	0000000000	0000000000	0000000000	00000000	
2346	23/03/2014 11:30	0000000008	0000000000	0000000004	0000000000	0000000000	0000000000	00000000	
2347	23/03/2014 11:45	0000000004	0000000000	0000000000	0000000000	0000000000	0000000000	00000000	
2348	23/03/2014 12:00	0000000004	0000000000	0000000000	0000000000	0000000000	0000000000	00000000	
2349	23/03/2014 12:15	0000000008	0000000000	0000000000	0000000000	0000000000	0000000000	00000000	
2350	23/03/2014 12:30	0000000008	0000000000	0000000004	0000000000	0000000000	0000000000	00000000	
2351	23/03/2014 12:45	0000000008	0000000000	0000000000	0000000000	0000000000	0000000000	00000000	
2352	23/03/2014 13:00	0000000008	0000000000	0000000000	0000000000	0000000000	0000000000	00000000	
2353	23/03/2014 13:15	0000000008	0000000000	0000000000	0000000000	0000000000	0000000000	00000000	
2354	23/03/2014 13:30	0000000008	0000000000	0000000004	0000000000	0000000000	0000000000	00000000	
2355	23/03/2014 13:45	0000000004	0000000000	0000000000	0000000000	0000000000	0000000000	00000000	
2356	23/03/2014 14:00	0000000008	0000000000	0000000000	0000000000	0000000000	0000000000	00000000	
2357	23/03/2014 14:15	0000000008	0000000000	0000000004	0000000000	0000000000	0000000000	00000000	
2358	23/03/2014 14:30	0000000004	0000000000	0000000000	0000000000	0000000000	0000000000	00000000	
2359	23/03/2014 14:45	0000000008	0000000000	0000000000	0000000000	0000000000	0000000000	00000000	
2360	23/03/2014 15:00	0000000008	0000000000	0000000000	0000000000	0000000000	0000000000	00000000	
2361	23/03/2014 15:15	0000000004	0000000000	0000000000	0000000000	0000000000	0000000000	00000000	
2362	23/03/2014 15:30	0000000008	0000000000	0000000004	0000000000	0000000000	0000000000	00000000	
2363	23/03/2014 15:45	0000000008	0000000000	0000000000	0000000000	0000000000	0000000000	00000000	
2364	23/03/2014 16:00	0000000004	0000000000	0000000000	0000000000	0000000000	0000000000	00000000	
2365	23/03/2014 16:15	0000000008	0000000000	0000000004	0000000000	0000000000	0000000000	00000000	
2366	23/03/2014 16:30	0000000008	0000000000	0000000000	0000000000	0000000000	0000000000	00000000	
2367	23/03/2014 16:45	0000000004	0000000000	0000000000	0000000000	0000000000	0000000000	00000000	
2368	23/03/2014 17:00	0000000008	0000000000	0000000000	0000000000	0000000000	0000000000	00000000	
2369	23/03/2014 17:15	0000000008	0000000000	0000000000	0000000000	0000000000	0000000000	00000000	
2370	23/03/2014 17:30	0000000008	0000000000	0000000004	0000000000	0000000000	0000000000	00000000	
2371	23/03/2014 17:45	0000000004	0000000000	0000000000	0000000000	0000000000	0000000000	00000000	
2372	23/03/2014 18:00	0000000008	0000000000	0000000000	0000000000	0000000000	0000000000	00000000	
2373	23/03/2014 18:15	0000000008	0000000000	0000000004	0000000000	0000000000	0000000000	00000000	
2374	23/03/2014 18:30	0000000004	0000000000	0000000000	0000000000	0000000000	0000000000	00000000	
2375	23/03/2014 18:45	0000000008	0000000000	0000000000	0000000000	0000000000	0000000000	00000000	
2376	23/03/2014 19:00	0000000004	0000000000	0000000000	0000000000	0000000000	0000000000	00000000	
2377	23/03/2014 19:15	0000000008	0000000000	0000000004	0000000000	0000000000	0000000000	00000000	
2378	23/03/2014 19:30	0000000008	0000000000	0000000000	0000000000	0000000000	0000000000	00000000	
2379	23/03/2014 19:45	0000000004	0000000000	0000000000	0000000000	0000000000	0000000000	00000000	
2380	23/03/2014 20:00	0000000008	0000000000	0000000000	0000000000	0000000000	0000000000	00000000	
2381	23/03/2014 20:15	0000000004	0000000000	0000000004	0000000000	0000000000	0000000000	00000000	
2382	23/03/2014 20:30	0000000004	0000000000	0000000000	0000000000	0000000000	0000000000	00000000	
2383	23/03/2014 20:45	0000000008	0000000000	0000000000	0000000000	0000000000	0000000000	00000000	
2384	23/03/2014 21:00	0000000008	0000000000	0000000000	0000000000	0000000000	0000000000	00000000	
2385	23/03/2014 21:15	0000000004	0000000000	0000000000	0000000000	0000000000	0000000000	00000000	
2386	23/03/2014 21:30	0000000008	0000000000	0000000004	0000000000	0000000000	0000000000	00000000	
2387	23/03/2014 21:45	0000000004	0000000000	0000000000	0000000000	0000000000	0000000000	00000000	
2388	23/03/2014 22:00	0000000008	0000000000	0000000000	0000000000	0000000000	0000000000	00000000	
2389	23/03/2014 22:15	0000000008	0000000000	0000000000	0000000000	0000000000	0000000000	00000000	
2390	23/03/2014 22:30	0000000012	0000000000	0000000000	0000000000	0000000000	0000000000	00000000	
2391	23/03/2014 22:45	0000000008	0000000000	0000000004	0000000000	0000000000	0000000000	00000000	
2392	23/03/2014 23:00	0000000008	0000000000	0000000004	0000000000	0000000000	0000000000	00000000	
2393	23/03/2014 23:15	0000000004	0000000000	0000000000	0000000000	0000000000	0000000000	00000000	
2394	23/03/2014 23:30	0000000008	0000000000	0000000000	0000000000	0000000000	0000000000	00000000	
2395	23/03/2014 23:45	0000000008	0000000000	0000000004	0000000000	0000000000	0000000000	00000000	
